INICIO EJECUCION: Algoritmo BUSQUEDA LOCAL
 - Funcion: ackley
Coste Final BUSQUEDA LOCAL: 20.625885791751603
Tiempo de Ejecucion: 0 ms
Numero de iteraciones 7Solucion BUSQUEDA LOCAL:
 - solucionBL[0] = 19211.0703125
 - solucionBL[1] = 5394.17626953125
 - solucionBL[2] = -17281.953125
 - solucionBL[3] = -10993.765625
 - solucionBL[4] = 20743.08984375
 - solucionBL[5] = 30470.091796875
 - solucionBL[6] = 29284.087890625
 - solucionBL[7] = -4088.844482421875
 - solucionBL[8] = 21874.96875
 - solucionBL[9] = -5673.07080078125

