INICIO EJECUCION: Algoritmo BUSQUEDA TABU
 - Funcion: ackley
Coste Final BUSQUEDA TABU: 20.38739526407906
Tiempo de Ejecucion: 57197 ms
Numero de iteraciones 1000
Solucion BUSQUEDA TABU:
 - solucionBT[0] = -17780.0234375
 - solucionBT[1] = 7317.8583984375
 - solucionBT[2] = 27934.888671875
 - solucionBT[3] = 16295.0634765625
 - solucionBT[4] = 8949.970703125
 - solucionBT[5] = 12576.119140625
 - solucionBT[6] = 28434.966796875
 - solucionBT[7] = 17261.98828125
 - solucionBT[8] = -17896.8984375
 - solucionBT[9] = 17676.865234375

