INICIO EJECUCION: Algoritmo BUSQUEDA LOCAL
 - Funcion: ackley
Coste Final BUSQUEDA LOCAL: 21.34631578131137
Tiempo de Ejecucion: 0 ms
Numero de iteraciones 4Solucion BUSQUEDA LOCAL:
 - solucionBL[0] = -13454.8330078125
 - solucionBL[1] = 11639.755859375
 - solucionBL[2] = -1918.29345703125
 - solucionBL[3] = 2707.7275390625
 - solucionBL[4] = -30476.779296875
 - solucionBL[5] = -11438.337890625
 - solucionBL[6] = 8533.068359375
 - solucionBL[7] = 26190.95703125
 - solucionBL[8] = 10352.11328125
 - solucionBL[9] = 23506.884765625

