INICIO EJECUCION: Algoritmo BUSQUEDA TABU
 - Funcion: ackley
Coste Final BUSQUEDA TABU: 20.16102282322463
Tiempo de Ejecucion: 39 ms
Numero de iteraciones 1000
Solucion BUSQUEDA TABU:
 - solucionBT[0] = -8272.984375
 - solucionBT[1] = -21953.990234375
 - solucionBT[2] = -5884.99560546875
 - solucionBT[3] = 9669.15234375
 - solucionBT[4] = -28592.0
 - solucionBT[5] = 24642.927734375
 - solucionBT[6] = 8091.06005859375
 - solucionBT[7] = -14352.9833984375
 - solucionBT[8] = -7178.998046875
 - solucionBT[9] = 2613.989501953125

