INICIO EJECUCION: Algoritmo BUSQUEDA TABU
 - Funcion: dixon
Coste Final BUSQUEDA TABU: 0.004445615195095897
Tiempo de Ejecucion: 2 ms
Numero de iteraciones 1000
Solucion BUSQUEDA TABU:
 - solucionBT[0] = 1.0032382011413574
 - solucionBT[1] = 0.4983241856098175
 - solucionBT[2] = 0.3628791570663452
 - solucionBT[3] = 0.2998826801776886
 - solucionBT[4] = 0.28130683302879333
 - solucionBT[5] = 0.26717787981033325
 - solucionBT[6] = 0.2642560601234436
 - solucionBT[7] = 0.26062366366386414
 - solucionBT[8] = 0.2577345073223114
 - solucionBT[9] = -0.2544705271720886

