INICIO EJECUCION: Algoritmo BUSQUEDA LOCAL
 - Funcion: dixon
Coste Final BUSQUEDA TABU: 5.36371356236055E9
Tiempo de Ejecucion: 6 ms
Numero de iteraciones 1000
Solucion BUSQUEDA TABU:
 - solucionBT[0] = 41.20904541015625
 - solucionBT[1] = 83.82736206054688
 - solucionBT[2] = 36.24455261230469
 - solucionBT[3] = 91.77839660644531
 - solucionBT[4] = 42.949825286865234
 - solucionBT[5] = 30.810884475708008
 - solucionBT[6] = 44.64060592651367
 - solucionBT[7] = 29.356983184814453
 - solucionBT[8] = 41.50847625732422
 - solucionBT[9] = 14.139997482299805

