INICIO EJECUCION: Algoritmo BUSQUEDA LOCAL
 - Funcion: dixon
Coste Final BUSQUEDA TABU: 1.7220699070543725E14
Tiempo de Ejecucion: 4 ms
Numero de iteraciones 1000
Solucion BUSQUEDA TABU:
 - solucionBT[0] = 231.46014404296875
 - solucionBT[1] = 666.5117797851562
 - solucionBT[2] = 415.92938232421875
 - solucionBT[3] = 496.9703369140625
 - solucionBT[4] = -61.54262161254883
 - solucionBT[5] = 258.01129150390625
 - solucionBT[6] = 601.9513549804688
 - solucionBT[7] = 889.6065063476562
 - solucionBT[8] = 620.0767822265625
 - solucionBT[9] = 814.0023803710938

