INICIO EJECUCION: Algoritmo BUSQUEDA LOCAL
 - Funcion: dixon
Coste Final BUSQUEDA TABU: 7.552725508790785E12
Tiempo de Ejecucion: 4 ms
Numero de iteraciones 1000
Solucion BUSQUEDA TABU:
 - solucionBT[0] = 951.3873291015625
 - solucionBT[1] = 412.32635498046875
 - solucionBT[2] = 455.13287353515625
 - solucionBT[3] = 299.6368103027344
 - solucionBT[4] = 257.77703857421875
 - solucionBT[5] = 319.9308776855469
 - solucionBT[6] = 299.5918273925781
 - solucionBT[7] = 278.17303466796875
 - solucionBT[8] = 332.71185302734375
 - solucionBT[9] = 302.7138366699219

