INICIO EJECUCION: Algoritmo BUSQUEDA LOCAL
 - Funcion: dixon
Coste Final BUSQUEDA TABU: 8.211900953333528E12
Tiempo de Ejecucion: 7 ms
Numero de iteraciones 1000
Solucion BUSQUEDA TABU:
 - solucionBT[0] = 876.76220703125
 - solucionBT[1] = 429.58233642578125
 - solucionBT[2] = 446.63397216796875
 - solucionBT[3] = 393.56280517578125
 - solucionBT[4] = 361.6710205078125
 - solucionBT[5] = 458.7877502441406
 - solucionBT[6] = 122.72730255126953
 - solucionBT[7] = 240.843017578125
 - solucionBT[8] = 175.05079650878906
 - solucionBT[9] = 160.00070190429688

