INICIO EJECUCION: Algoritmo BUSQUEDA LOCAL
 - Funcion: dixon
Coste Final BUSQUEDA LOCAL: 1.776140609322077E12
Tiempo de Ejecucion: 3 ms
Numero de iteraciones 72Solucion BUSQUEDA LOCAL:
 - solucionBL[0] = 863.715087890625
 - solucionBL[1] = 305.0615539550781
 - solucionBL[2] = 297.7203674316406
 - solucionBL[3] = 280.5467834472656
 - solucionBL[4] = 244.8719024658203
 - solucionBL[5] = 193.84353637695312
 - solucionBL[6] = 233.9344024658203
 - solucionBL[7] = 192.00120544433594
 - solucionBL[8] = 205.3987274169922
 - solucionBL[9] = 154.76693725585938

