INICIO EJECUCION: Algoritmo BUSQUEDA LOCAL
 - Funcion: dixon
Coste Final BUSQUEDA LOCAL: 8.335690590945891E11
Tiempo de Ejecucion: 0 ms
Numero de iteraciones 91Solucion BUSQUEDA LOCAL:
 - solucionBL[0] = 612.613037109375
 - solucionBL[1] = 284.4110107421875
 - solucionBL[2] = 78.44439697265625
 - solucionBL[3] = 220.20509338378906
 - solucionBL[4] = 212.40261840820312
 - solucionBL[5] = 161.22779846191406
 - solucionBL[6] = 182.49856567382812
 - solucionBL[7] = 176.300537109375
 - solucionBL[8] = 176.1698455810547
 - solucionBL[9] = 160.1831817626953

