INICIO EJECUCION: Algoritmo BUSQUEDA TABU
 - Funcion: dixon
Coste Final BUSQUEDA TABU: 0.32021643068153743
Tiempo de Ejecucion: 3 ms
Numero de iteraciones 1000
Solucion BUSQUEDA TABU:
 - solucionBT[0] = 1.0002318620681763
 - solucionBT[1] = 0.4970417022705078
 - solucionBT[2] = 0.3386671841144562
 - solucionBT[3] = 0.27973055839538574
 - solucionBT[4] = 0.23832428455352783
 - solucionBT[5] = 0.20035968720912933
 - solucionBT[6] = 0.15340858697891235
 - solucionBT[7] = 0.12297149002552032
 - solucionBT[8] = -0.07216140627861023
 - solucionBT[9] = 0.05252985283732414

