INICIO EJECUCION: Algoritmo BUSQUEDA LOCAL
 - Funcion: dixon
Coste Final BUSQUEDA LOCAL: 1.7220699070543725E14
Tiempo de Ejecucion: 0 ms
Numero de iteraciones 1Solucion BUSQUEDA LOCAL:
 - solucionBL[0] = 231.46014404296875
 - solucionBL[1] = 666.5117797851562
 - solucionBL[2] = 415.92938232421875
 - solucionBL[3] = 496.9703369140625
 - solucionBL[4] = -61.54262161254883
 - solucionBL[5] = 258.01129150390625
 - solucionBL[6] = 601.9513549804688
 - solucionBL[7] = 889.6065063476562
 - solucionBL[8] = 620.0767822265625
 - solucionBL[9] = 814.0023803710938

