INICIO EJECUCION: Algoritmo BUSQUEDA LOCAL
 - Funcion: dixon
Coste Final BUSQUEDA TABU: 1.5691432870273023E9
Tiempo de Ejecucion: 6 ms
Numero de iteraciones 1000
Solucion BUSQUEDA TABU:
 - solucionBT[0] = -77.61576080322266
 - solucionBT[1] = -19.49005126953125
 - solucionBT[2] = -38.398433685302734
 - solucionBT[3] = -14.980155944824219
 - solucionBT[4] = -34.720458984375
 - solucionBT[5] = -30.948699951171875
 - solucionBT[6] = -57.922969818115234
 - solucionBT[7] = -24.235870361328125
 - solucionBT[8] = -28.771408081054688
 - solucionBT[9] = -29.470664978027344

