INICIO EJECUCION: Algoritmo BUSQUEDA TABU
 - Funcion: dixon
Coste Final BUSQUEDA TABU: 0.0023523677995304767
Tiempo de Ejecucion: 6 ms
Numero de iteraciones 1000
Solucion BUSQUEDA TABU:
 - solucionBT[0] = 1.0178041458129883
 - solucionBT[1] = 0.5039914846420288
 - solucionBT[2] = 0.3547966182231903
 - solucionBT[3] = 0.3009929358959198
 - solucionBT[4] = 0.26998743414878845
 - solucionBT[5] = 0.2643623650074005
 - solucionBT[6] = 0.25349485874176025
 - solucionBT[7] = 0.2503332495689392
 - solucionBT[8] = 0.24954700469970703
 - solucionBT[9] = -0.24546119570732117

