INICIO EJECUCION: Algoritmo BUSQUEDA TABU
 - Funcion: griewank
Coste Final BUSQUEDA TABU: 1.018741197461196
Tiempo de Ejecucion: 28 ms
Numero de iteraciones 1000
Solucion BUSQUEDA TABU:
 - solucionBT[0] = -25.134605407714844
 - solucionBT[1] = -17.702938079833984
 - solucionBT[2] = -21.916391372680664
 - solucionBT[3] = 18.65224266052246
 - solucionBT[4] = -20.674238204956055
 - solucionBT[5] = 23.422203063964844
 - solucionBT[6] = 16.53278350830078
 - solucionBT[7] = -17.365585327148438
 - solucionBT[8] = -18.855741500854492
 - solucionBT[9] = 9.103437423706055

