INICIO EJECUCION: Algoritmo BUSQUEDA TABU
 - Funcion: griewank
Coste Final BUSQUEDA TABU: 1.2755708549963516
Tiempo de Ejecucion: 43 ms
Numero de iteraciones 1000
Solucion BUSQUEDA TABU:
 - solucionBT[0] = 28.310440063476562
 - solucionBT[1] = 22.18239974975586
 - solucionBT[2] = 21.790002822875977
 - solucionBT[3] = -18.53972053527832
 - solucionBT[4] = 27.761459350585938
 - solucionBT[5] = -23.184417724609375
 - solucionBT[6] = 15.734885215759277
 - solucionBT[7] = -18.100534439086914
 - solucionBT[8] = -18.852031707763672
 - solucionBT[9] = -19.46727752685547

