INICIO EJECUCION: Algoritmo BUSQUEDA LOCAL
 - Funcion: griewank
Coste Final BUSQUEDA TABU: 94.40602706863157
Tiempo de Ejecucion: 18 ms
Numero de iteraciones 1000
Solucion BUSQUEDA TABU:
 - solucionBT[0] = -463.83203125
 - solucionBT[1] = 246.05325317382812
 - solucionBT[2] = -10.314764022827148
 - solucionBT[3] = -103.93716430664062
 - solucionBT[4] = -137.6171417236328
 - solucionBT[5] = -90.2684326171875
 - solucionBT[6] = -101.36793518066406
 - solucionBT[7] = -5.9217987060546875
 - solucionBT[8] = -108.0241470336914
 - solucionBT[9] = -194.84881591796875

