INICIO EJECUCION: Algoritmo BUSQUEDA LOCAL
 - Funcion: griewank
Coste Final BUSQUEDA TABU: 393.2105019455856
Tiempo de Ejecucion: 42 ms
Numero de iteraciones 1000
Solucion BUSQUEDA TABU:
 - solucionBT[0] = -898.0889892578125
 - solucionBT[1] = -818.3809814453125
 - solucionBT[2] = -70.51766967773438
 - solucionBT[3] = -54.50224304199219
 - solucionBT[4] = -111.40464782714844
 - solucionBT[5] = -149.3323516845703
 - solucionBT[6] = -93.352294921875
 - solucionBT[7] = -16.12255859375
 - solucionBT[8] = -56.564697265625
 - solucionBT[9] = -194.28518676757812

