INICIO EJECUCION: Algoritmo BUSQUEDA LOCAL
 - Funcion: griewank
Coste Final BUSQUEDA LOCAL: 92.66984618496932
Tiempo de Ejecucion: 2 ms
Numero de iteraciones 72Solucion BUSQUEDA LOCAL:
 - solucionBL[0] = 249.4006805419922
 - solucionBL[1] = 129.17990112304688
 - solucionBL[2] = -143.4464111328125
 - solucionBL[3] = -212.00067138671875
 - solucionBL[4] = 240.33990478515625
 - solucionBL[5] = 187.3054656982422
 - solucionBL[6] = 195.0227813720703
 - solucionBL[7] = -127.55448913574219
 - solucionBL[8] = 226.85061645507812
 - solucionBL[9] = -153.8136444091797

