INICIO EJECUCION: Algoritmo BUSQUEDA LOCAL
 - Funcion: griewank
Coste Final BUSQUEDA TABU: 217.80269178763115
Tiempo de Ejecucion: 52 ms
Numero de iteraciones 1000
Solucion BUSQUEDA TABU:
 - solucionBT[0] = 895.3826904296875
 - solucionBT[1] = 139.20950317382812
 - solucionBT[2] = 51.34431838989258
 - solucionBT[3] = 55.18041229248047
 - solucionBT[4] = 68.98361206054688
 - solucionBT[5] = 117.27799987792969
 - solucionBT[6] = 82.81544494628906
 - solucionBT[7] = 41.39067077636719
 - solucionBT[8] = 106.29615783691406
 - solucionBT[9] = 45.514060974121094

