INICIO EJECUCION: Algoritmo BUSQUEDA TABU
 - Funcion: griewank
Coste Final BUSQUEDA TABU: 0.7729181135717353
Tiempo de Ejecucion: 7 ms
Numero de iteraciones 1000
Solucion BUSQUEDA TABU:
 - solucionBT[0] = 12.578780174255371
 - solucionBT[1] = 17.85593032836914
 - solucionBT[2] = 16.324878692626953
 - solucionBT[3] = 18.26605987548828
 - solucionBT[4] = -14.026636123657227
 - solucionBT[5] = 15.546554565429688
 - solucionBT[6] = 16.881261825561523
 - solucionBT[7] = -17.69546127319336
 - solucionBT[8] = 18.912534713745117
 - solucionBT[9] = -20.113414764404297

