INICIO EJECUCION: Algoritmo BUSQUEDA LOCAL
 - Funcion: griewank
Coste Final BUSQUEDA TABU: 21.51711735916648
Tiempo de Ejecucion: 44 ms
Numero de iteraciones 1000
Solucion BUSQUEDA TABU:
 - solucionBT[0] = -151.11216735839844
 - solucionBT[1] = -63.6009521484375
 - solucionBT[2] = -143.38467407226562
 - solucionBT[3] = -91.67980194091797
 - solucionBT[4] = -38.01641082763672
 - solucionBT[5] = -31.844940185546875
 - solucionBT[6] = -51.35029220581055
 - solucionBT[7] = -29.34619140625
 - solucionBT[8] = -130.44580078125
 - solucionBT[9] = -56.85255432128906

