INICIO EJECUCION: Algoritmo BUSQUEDA LOCAL
 - Funcion: griewank
Coste Final BUSQUEDA TABU: 202.23872301518713
Tiempo de Ejecucion: 28 ms
Numero de iteraciones 1000
Solucion BUSQUEDA TABU:
 - solucionBT[0] = 826.822021484375
 - solucionBT[1] = 87.77804565429688
 - solucionBT[2] = 85.2701644897461
 - solucionBT[3] = 121.61861419677734
 - solucionBT[4] = 172.3487548828125
 - solucionBT[5] = 86.5904312133789
 - solucionBT[6] = 14.159095764160156
 - solucionBT[7] = 172.93382263183594
 - solucionBT[8] = 110.17111206054688
 - solucionBT[9] = 110.03854370117188

