INICIO EJECUCION: Algoritmo BUSQUEDA LOCAL
 - Funcion: griewank
Coste Final BUSQUEDA LOCAL: 1.404594709703033
Tiempo de Ejecucion: 7 ms
Numero de iteraciones 229Solucion BUSQUEDA LOCAL:
 - solucionBL[0] = 15.550244331359863
 - solucionBL[1] = 7.525909900665283
 - solucionBL[2] = 20.546279907226562
 - solucionBL[3] = 18.40789794921875
 - solucionBL[4] = -15.438109397888184
 - solucionBL[5] = 15.512456893920898
 - solucionBL[6] = -16.331472396850586
 - solucionBL[7] = 18.703760147094727
 - solucionBL[8] = 18.414079666137695
 - solucionBL[9] = 19.241090774536133

