INICIO EJECUCION: Algoritmo BUSQUEDA LOCAL
 - Funcion: michalewicz
Coste Final BUSQUEDA LOCAL: -2.690165385178342
Tiempo de Ejecucion: 1 ms
Numero de iteraciones 9Solucion BUSQUEDA LOCAL:
 - solucionBL[0] = 0.5433300733566284
 - solucionBL[1] = 12.58908748626709
 - solucionBL[2] = 3.8737120628356934
 - solucionBL[3] = 7.191219806671143
 - solucionBL[4] = 7.033200263977051
 - solucionBL[5] = 7.757889747619629
 - solucionBL[6] = 4.033625602722168
 - solucionBL[7] = 7.8515472412109375
 - solucionBL[8] = 3.8324458599090576
 - solucionBL[9] = 2.6285672187805176

