INICIO EJECUCION: Algoritmo BUSQUEDA TABU
 - Funcion: michalewicz
Coste Final BUSQUEDA TABU: -7.5182338304324645
Tiempo de Ejecucion: 79 ms
Numero de iteraciones 1000
Solucion BUSQUEDA TABU:
 - solucionBT[0] = 2.1510846614837646
 - solucionBT[1] = 7.983297348022461
 - solucionBT[2] = 8.125442504882812
 - solucionBT[3] = 1.1465249061584473
 - solucionBT[4] = 8.16618824005127
 - solucionBT[5] = 1.0734279155731201
 - solucionBT[6] = 8.15506362915039
 - solucionBT[7] = 1.1440010070800781
 - solucionBT[8] = 1.5558984279632568
 - solucionBT[9] = 0.24627532064914703

