INICIO EJECUCION: Algoritmo BUSQUEDA LOCAL
 - Funcion: perm
Coste Final BUSQUEDA LOCAL: 2.4232117563512863E31
Tiempo de Ejecucion: 9 ms
Numero de iteraciones 72Solucion BUSQUEDA LOCAL:
 - solucionBL[0] = 25.2384033203125
 - solucionBL[1] = 16.095205307006836
 - solucionBL[2] = -19.275163650512695
 - solucionBL[3] = -22.23026466369629
 - solucionBL[4] = 23.99842643737793
 - solucionBL[5] = 22.904449462890625
 - solucionBL[6] = 23.33759307861328
 - solucionBL[7] = -15.468212127685547
 - solucionBL[8] = 23.02083969116211
 - solucionBL[9] = -16.927112579345703

