INICIO EJECUCION: Algoritmo BUSQUEDA LOCAL
 - Funcion: perm
Coste Final BUSQUEDA TABU: 2.5430815687676372E38
Tiempo de Ejecucion: 306 ms
Numero de iteraciones 1000
Solucion BUSQUEDA TABU:
 - solucionBT[0] = 65.48224639892578
 - solucionBT[1] = 0.8205127120018005
 - solucionBT[2] = 15.582876205444336
 - solucionBT[3] = 6.296098232269287
 - solucionBT[4] = 16.42996597290039
 - solucionBT[5] = 3.8351314067840576
 - solucionBT[6] = 13.526435852050781
 - solucionBT[7] = 9.064414978027344
 - solucionBT[8] = 12.648564338684082
 - solucionBT[9] = 13.07210636138916

