INICIO EJECUCION: Algoritmo BUSQUEDA LOCAL
 - Funcion: perm
Coste Final BUSQUEDA LOCAL: 7.455675552669626E36
Tiempo de Ejecucion: 4 ms
Numero de iteraciones 32Solucion BUSQUEDA LOCAL:
 - solucionBL[0] = -31.639421463012695
 - solucionBL[1] = 42.840572357177734
 - solucionBL[2] = -5.575001239776611
 - solucionBL[3] = 8.879108428955078
 - solucionBL[4] = -49.36872100830078
 - solucionBL[5] = -37.690155029296875
 - solucionBL[6] = 28.90441131591797
 - solucionBL[7] = 37.659751892089844
 - solucionBL[8] = 45.16976547241211
 - solucionBL[9] = 41.526084899902344

