INICIO EJECUCION: Algoritmo BUSQUEDA LOCAL
 - Funcion: perm
Coste Final BUSQUEDA TABU: 1.7311596825485313E29
Tiempo de Ejecucion: 571 ms
Numero de iteraciones 1000
Solucion BUSQUEDA TABU:
 - solucionBT[0] = -18.370128631591797
 - solucionBT[1] = -18.20509910583496
 - solucionBT[2] = -14.236196517944336
 - solucionBT[3] = -6.5542497634887695
 - solucionBT[4] = -8.27103042602539
 - solucionBT[5] = -15.030984878540039
 - solucionBT[6] = -15.746642112731934
 - solucionBT[7] = -20.896591186523438
 - solucionBT[8] = -13.486139297485352
 - solucionBT[9] = -8.107955932617188

