INICIO EJECUCION: Algoritmo BUSQUEDA TABU
 - Funcion: perm
Coste Final BUSQUEDA TABU: 31.90697577747423
Tiempo de Ejecucion: 672 ms
Numero de iteraciones 1000
Solucion BUSQUEDA TABU:
 - solucionBT[0] = 0.4194805920124054
 - solucionBT[1] = 0.9847270846366882
 - solucionBT[2] = 0.42292654514312744
 - solucionBT[3] = -6.468187784776092E-4
 - solucionBT[4] = 0.4173531234264374
 - solucionBT[5] = -3.586327366065234E-4
 - solucionBT[6] = 0.41994768381118774
 - solucionBT[7] = -2.110558853019029E-4
 - solucionBT[8] = -2.7749937726184726E-4
 - solucionBT[9] = -2.651409595273435E-4

