INICIO EJECUCION: Algoritmo BUSQUEDA LOCAL
 - Funcion: perm
Coste Final BUSQUEDA TABU: 1.883105540500319E41
Tiempo de Ejecucion: 687 ms
Numero de iteraciones 1000
Solucion BUSQUEDA TABU:
 - solucionBT[0] = 91.11750793457031
 - solucionBT[1] = 0.09593416005373001
 - solucionBT[2] = 7.428915500640869
 - solucionBT[3] = 3.710087299346924
 - solucionBT[4] = 15.400280952453613
 - solucionBT[5] = 19.296602249145508
 - solucionBT[6] = 16.754730224609375
 - solucionBT[7] = 1.6791666746139526
 - solucionBT[8] = 10.90908145904541
 - solucionBT[9] = 10.341992378234863

