INICIO EJECUCION: Algoritmo BUSQUEDA LOCAL
 - Funcion: perm
Coste Final BUSQUEDA TABU: 5.747012401338904E41
Tiempo de Ejecucion: 575 ms
Numero de iteraciones 1000
Solucion BUSQUEDA TABU:
 - solucionBT[0] = -84.18876647949219
 - solucionBT[1] = -92.68302917480469
 - solucionBT[2] = -7.81242561340332
 - solucionBT[3] = -18.607566833496094
 - solucionBT[4] = -1.3335647583007812
 - solucionBT[5] = -0.5332889556884766
 - solucionBT[6] = -11.197644233703613
 - solucionBT[7] = -2.3862667083740234
 - solucionBT[8] = -13.53880500793457
 - solucionBT[9] = -19.75642967224121

