INICIO EJECUCION: Algoritmo BUSQUEDA TABU
 - Funcion: rastringin
Coste Final BUSQUEDA TABU: 131.6619597567754
Tiempo de Ejecucion: 43 ms
Numero de iteraciones 1000
Solucion BUSQUEDA TABU:
 - solucionBT[0] = 2.003005027770996
 - solucionBT[1] = 3.939317226409912
 - solucionBT[2] = 2.942352056503296
 - solucionBT[3] = -3.0701730251312256
 - solucionBT[4] = 3.9236974716186523
 - solucionBT[5] = -4.042576313018799
 - solucionBT[6] = 3.919823408126831
 - solucionBT[7] = -4.0249409675598145
 - solucionBT[8] = -3.043989658355713
 - solucionBT[9] = -3.973543643951416

