INICIO EJECUCION: Algoritmo BUSQUEDA LOCAL
 - Funcion: rastringin
Coste Final BUSQUEDA TABU: 4021.5772783821085
Tiempo de Ejecucion: 45 ms
Numero de iteraciones 1000
Solucion BUSQUEDA TABU:
 - solucionBT[0] = -41.32674789428711
 - solucionBT[1] = -43.30825424194336
 - solucionBT[2] = -9.550963401794434
 - solucionBT[3] = -6.492260932922363
 - solucionBT[4] = -4.11488676071167
 - solucionBT[5] = -6.90616512298584
 - solucionBT[6] = -5.895840167999268
 - solucionBT[7] = -1.568853735923767
 - solucionBT[8] = -8.575182914733887
 - solucionBT[9] = -2.2848072052001953

