INICIO EJECUCION: Algoritmo BUSQUEDA LOCAL
 - Funcion: rastringin
Coste Final BUSQUEDA TABU: 662.0372561125205
Tiempo de Ejecucion: 45 ms
Numero de iteraciones 1000
Solucion BUSQUEDA TABU:
 - solucionBT[0] = -9.390809059143066
 - solucionBT[1] = -10.187138557434082
 - solucionBT[2] = -7.277543067932129
 - solucionBT[3] = -3.2156360149383545
 - solucionBT[4] = -4.228150367736816
 - solucionBT[5] = -7.683838844299316
 - solucionBT[6] = -7.916910648345947
 - solucionBT[7] = -9.815543174743652
 - solucionBT[8] = -7.505021572113037
 - solucionBT[9] = -4.144786357879639

