INICIO EJECUCION: Algoritmo BUSQUEDA LOCAL
 - Funcion: rastringin
Coste Final BUSQUEDA TABU: 2189.7494246825336
Tiempo de Ejecucion: 53 ms
Numero de iteraciones 1000
Solucion BUSQUEDA TABU:
 - solucionBT[0] = 41.96046447753906
 - solucionBT[1] = 5.528487682342529
 - solucionBT[2] = 3.142747402191162
 - solucionBT[3] = 10.553116798400879
 - solucionBT[4] = 1.0198886394500732
 - solucionBT[5] = 8.170418739318848
 - solucionBT[6] = 9.1715087890625
 - solucionBT[7] = 1.917327880859375
 - solucionBT[8] = 0.6604034304618835
 - solucionBT[9] = 7.063396453857422

