INICIO EJECUCION: Algoritmo BUSQUEDA LOCAL
 - Funcion: rastringin
Coste Final BUSQUEDA LOCAL: 731.9636488744717
Tiempo de Ejecucion: 4 ms
Numero de iteraciones 89Solucion BUSQUEDA LOCAL:
 - solucionBL[0] = 10.295421600341797
 - solucionBL[1] = 0.29914727807044983
 - solucionBL[2] = 6.8194122314453125
 - solucionBL[3] = 10.042709350585938
 - solucionBL[4] = -7.017495155334473
 - solucionBL[5] = 8.013703346252441
 - solucionBL[6] = -11.198017120361328
 - solucionBL[7] = 7.930029392242432
 - solucionBL[8] = 8.727532386779785
 - solucionBL[9] = 6.90691614151001

