INICIO EJECUCION: Algoritmo BUSQUEDA LOCAL
 - Funcion: rastringin
Coste Final BUSQUEDA LOCAL: 5961.753293286435
Tiempo de Ejecucion: 0 ms
Numero de iteraciones 4Solucion BUSQUEDA LOCAL:
 - solucionBL[0] = -20.312286376953125
 - solucionBL[1] = 19.847414016723633
 - solucionBL[2] = -3.1860952377319336
 - solucionBL[3] = 4.163000106811523
 - solucionBL[4] = -36.097679138183594
 - solucionBL[5] = -17.991233825683594
 - solucionBL[6] = 12.724442481994629
 - solucionBL[7] = 41.30424118041992
 - solucionBL[8] = 19.516887664794922
 - solucionBL[9] = 34.19951248168945

