INICIO EJECUCION: Algoritmo BUSQUEDA LOCAL
 - Funcion: rastringin
Coste Final BUSQUEDA TABU: 2592.7922379919955
Tiempo de Ejecucion: 26 ms
Numero de iteraciones 1000
Solucion BUSQUEDA TABU:
 - solucionBT[0] = 46.99191665649414
 - solucionBT[1] = 0.4515751898288727
 - solucionBT[2] = 6.9426774978637695
 - solucionBT[3] = 5.519129753112793
 - solucionBT[4] = 3.1086902618408203
 - solucionBT[5] = 0.6178563833236694
 - solucionBT[6] = 4.996231555938721
 - solucionBT[7] = 4.131510257720947
 - solucionBT[8] = 8.988626480102539
 - solucionBT[9] = 9.480857849121094

