INICIO EJECUCION: Algoritmo BUSQUEDA LOCAL
 - Funcion: rotated
Coste Final BUSQUEDA TABU: 5.390515958896814E63
Tiempo de Ejecucion: 10 ms
Numero de iteraciones 1000
Solucion BUSQUEDA TABU:
 - solucionBT[0] = 1278.314208984375
 - solucionBT[1] = 793.5380859375
 - solucionBT[2] = 1841.19091796875
 - solucionBT[3] = -1431.4500732421875
 - solucionBT[4] = -3378.93359375
 - solucionBT[5] = 693.9296875
 - solucionBT[6] = -4743.212890625
 - solucionBT[7] = 1723.22119140625
 - solucionBT[8] = -1408.76171875
 - solucionBT[9] = -2089.095458984375

