INICIO EJECUCION: Algoritmo BUSQUEDA LOCAL
 - Funcion: rosenbrock
Coste Final BUSQUEDA TABU: 2.4155394360958734E20
Tiempo de Ejecucion: 6 ms
Numero de iteraciones 1000
Solucion BUSQUEDA TABU:
 - solucionBT[0] = 26745.517578125
 - solucionBT[1] = 26235.029296875
 - solucionBT[2] = 28100.2265625
 - solucionBT[3] = 18322.548828125
 - solucionBT[4] = 23500.943359375
 - solucionBT[5] = 21285.671875
 - solucionBT[6] = 20703.92578125
 - solucionBT[7] = 256.8405456542969
 - solucionBT[8] = 2318.336669921875
 - solucionBT[9] = 3892.08251953125

