INICIO EJECUCION: Algoritmo BUSQUEDA TABU
 - Funcion: rotated
Coste Final BUSQUEDA TABU: 1.0003951606412949
Tiempo de Ejecucion: 7 ms
Numero de iteraciones 1000
Solucion BUSQUEDA TABU:
 - solucionBT[0] = -0.0020375647582113743
 - solucionBT[1] = -0.0026232642121613026
 - solucionBT[2] = -0.002326246351003647
 - solucionBT[3] = -0.0032034791074693203
 - solucionBT[4] = -0.002370660426095128
 - solucionBT[5] = -0.0034535310696810484
 - solucionBT[6] = -0.0031205699779093266
 - solucionBT[7] = -0.00494035892188549
 - solucionBT[8] = -0.007027854677289724
 - solucionBT[9] = -11118.072265625

