INICIO EJECUCION: Algoritmo BUSQUEDA LOCAL
 - Funcion: rosenbrock
Coste Final BUSQUEDA LOCAL: 9.490973051776101E20
Tiempo de Ejecucion: 1 ms
Numero de iteraciones 29Solucion BUSQUEDA LOCAL:
 - solucionBL[0] = 3197.411865234375
 - solucionBL[1] = 38283.78125
 - solucionBL[2] = 27755.66015625
 - solucionBL[3] = 28790.91796875
 - solucionBL[4] = 33959.94921875
 - solucionBL[5] = 37046.5703125
 - solucionBL[6] = 27759.302734375
 - solucionBL[7] = 35128.640625
 - solucionBL[8] = 29254.107421875
 - solucionBL[9] = 18749.876953125

