INICIO EJECUCION: Algoritmo BUSQUEDA LOCAL
 - Funcion: rosenbrock
Coste Final BUSQUEDA TABU: 2.153537491647634E21
Tiempo de Ejecucion: 7 ms
Numero de iteraciones 1000
Solucion BUSQUEDA TABU:
 - solucionBT[0] = 64613.2265625
 - solucionBT[1] = 26242.837890625
 - solucionBT[2] = 28645.892578125
 - solucionBT[3] = 27427.21484375
 - solucionBT[4] = 31258.1484375
 - solucionBT[5] = 32928.90234375
 - solucionBT[6] = 19688.521484375
 - solucionBT[7] = 13653.4716796875
 - solucionBT[8] = 16678.16015625
 - solucionBT[9] = 16492.322265625

