INICIO EJECUCION: Algoritmo BUSQUEDA LOCAL
 - Funcion: rosenbrock
Coste Final BUSQUEDA TABU: 2.57615315853201024E17
Tiempo de Ejecucion: 6 ms
Numero de iteraciones 1000
Solucion BUSQUEDA TABU:
 - solucionBT[0] = 5667.69921875
 - solucionBT[1] = 3167.631591796875
 - solucionBT[2] = 2263.34130859375
 - solucionBT[3] = 4713.66455078125
 - solucionBT[4] = 1350.9576416015625
 - solucionBT[5] = 4908.515625
 - solucionBT[6] = 4282.548828125
 - solucionBT[7] = 1160.95361328125
 - solucionBT[8] = 1233.714599609375
 - solucionBT[9] = 3125.22021484375

