INICIO EJECUCION: Algoritmo BUSQUEDA LOCAL
 - Funcion: rotated
Coste Final BUSQUEDA TABU: 1.4215604167874662E80
Tiempo de Ejecucion: 5 ms
Numero de iteraciones 1000
Solucion BUSQUEDA TABU:
 - solucionBT[0] = -14506.1962890625
 - solucionBT[1] = -16521.994140625
 - solucionBT[2] = -16830.83203125
 - solucionBT[3] = -12860.5830078125
 - solucionBT[4] = -9380.0009765625
 - solucionBT[5] = -6756.4716796875
 - solucionBT[6] = -8322.904296875
 - solucionBT[7] = -9906.0517578125
 - solucionBT[8] = -7227.291015625
 - solucionBT[9] = -7111.47119140625

