INICIO EJECUCION: Algoritmo BUSQUEDA LOCAL
 - Funcion: rotated
Coste Final BUSQUEDA TABU: 6.433533115836601E86
Tiempo de Ejecucion: 5 ms
Numero de iteraciones 1000
Solucion BUSQUEDA TABU:
 - solucionBT[0] = -46159.1875
 - solucionBT[1] = -12132.498046875
 - solucionBT[2] = -11517.13671875
 - solucionBT[3] = -36729.28125
 - solucionBT[4] = -34187.078125
 - solucionBT[5] = -35326.90625
 - solucionBT[6] = -38012.14453125
 - solucionBT[7] = -10073.1103515625
 - solucionBT[8] = -21023.75390625
 - solucionBT[9] = -20534.13671875

