INICIO EJECUCION: Algoritmo BUSQUEDA TABU
 - Funcion: rosenbrock
Coste Final BUSQUEDA TABU: 1.2402577035519788E7
Tiempo de Ejecucion: 3 ms
Numero de iteraciones 1000
Solucion BUSQUEDA TABU:
 - solucionBT[0] = 12.992687225341797
 - solucionBT[1] = 10.825308799743652
 - solucionBT[2] = 8.818952560424805
 - solucionBT[3] = 9.129443168640137
 - solucionBT[4] = 10.423718452453613
 - solucionBT[5] = 10.473917007446289
 - solucionBT[6] = 14.871354103088379
 - solucionBT[7] = 15.499861717224121
 - solucionBT[8] = 150.674560546875
 - solucionBT[9] = 22792.875

