INICIO EJECUCION: Algoritmo BUSQUEDA LOCAL
 - Funcion: rosenbrock
Coste Final BUSQUEDA TABU: 1.7948570850723643E21
Tiempo de Ejecucion: 4 ms
Numero de iteraciones 1000
Solucion BUSQUEDA TABU:
 - solucionBT[0] = 63702.234375
 - solucionBT[1] = 34862.9765625
 - solucionBT[2] = 801.8104858398438
 - solucionBT[3] = 5620.8759765625
 - solucionBT[4] = 272.56134033203125
 - solucionBT[5] = 3460.28466796875
 - solucionBT[6] = 5218.6728515625
 - solucionBT[7] = 6474.27880859375
 - solucionBT[8] = 5309.75927734375
 - solucionBT[9] = 6340.544921875

