INICIO EJECUCION: Algoritmo BUSQUEDA LOCAL
 - Funcion: rosenbrock
Coste Final BUSQUEDA TABU: 2.5727342565893394E21
Tiempo de Ejecucion: 4 ms
Numero de iteraciones 1000
Solucion BUSQUEDA TABU:
 - solucionBT[0] = 19744.298828125
 - solucionBT[1] = 45665.86328125
 - solucionBT[2] = 30735.48046875
 - solucionBT[3] = 35564.12109375
 - solucionBT[4] = 2286.3955078125
 - solucionBT[5] = 21326.2890625
 - solucionBT[6] = 41819.17578125
 - solucionBT[7] = 58958.45703125
 - solucionBT[8] = 42899.140625
 - solucionBT[9] = 54453.7578125

