INICIO EJECUCION: Algoritmo BUSQUEDA LOCAL
 - Funcion: rotated
Coste Final BUSQUEDA LOCAL: 6.691664902657925E70
Tiempo de Ejecucion: 1 ms
Numero de iteraciones 103Solucion BUSQUEDA LOCAL:
 - solucionBL[0] = -2177.7060546875
 - solucionBL[1] = -3962.944091796875
 - solucionBL[2] = -3896.965087890625
 - solucionBL[3] = -6532.15869140625
 - solucionBL[4] = -6672.87939453125
 - solucionBL[5] = -3567.12353515625
 - solucionBL[6] = 392.2788391113281
 - solucionBL[7] = -13513.6044921875
 - solucionBL[8] = -5051.77880859375
 - solucionBL[9] = -47403.8515625

