INICIO EJECUCION: Algoritmo BUSQUEDA LOCAL
 - Funcion: rotated
Coste Final BUSQUEDA TABU: 8.527444319816536E85
Tiempo de Ejecucion: 8 ms
Numero de iteraciones 1000
Solucion BUSQUEDA TABU:
 - solucionBT[0] = -59317.04296875
 - solucionBT[1] = 781.0963134765625
 - solucionBT[2] = -518.8330078125
 - solucionBT[3] = -2220.291259765625
 - solucionBT[4] = -460.25146484375
 - solucionBT[5] = -1620.496826171875
 - solucionBT[6] = -4147.11962890625
 - solucionBT[7] = -2245.81103515625
 - solucionBT[8] = -942.6611328125
 - solucionBT[9] = 1405.0819091796875

