INICIO EJECUCION: Algoritmo BUSQUEDA LOCAL
 - Funcion: rotated
Coste Final BUSQUEDA TABU: 9.56512327430777E83
Tiempo de Ejecucion: 8 ms
Numero de iteraciones 1000
Solucion BUSQUEDA TABU:
 - solucionBT[0] = -44710.03515625
 - solucionBT[1] = -11444.4345703125
 - solucionBT[2] = -2762.697265625
 - solucionBT[3] = -1.9372210502624512
 - solucionBT[4] = -746.947509765625
 - solucionBT[5] = -3031.272216796875
 - solucionBT[6] = -3219.1201171875
 - solucionBT[7] = -4440.39990234375
 - solucionBT[8] = -10088.869140625
 - solucionBT[9] = -7450.2421875

