INICIO EJECUCION: Algoritmo BUSQUEDA TABU
 - Funcion: rosenbrock
Coste Final BUSQUEDA TABU: 889.5085018056265
Tiempo de Ejecucion: 5 ms
Numero de iteraciones 1000
Solucion BUSQUEDA TABU:
 - solucionBT[0] = 0.9528671503067017
 - solucionBT[1] = 0.875026524066925
 - solucionBT[2] = 0.8749576210975647
 - solucionBT[3] = 0.996468186378479
 - solucionBT[4] = 1.2157702445983887
 - solucionBT[5] = 1.5085254907608032
 - solucionBT[6] = 2.344846248626709
 - solucionBT[7] = 5.500959396362305
 - solucionBT[8] = 30.126855850219727
 - solucionBT[9] = 907.4090576171875

