INICIO EJECUCION: Algoritmo BUSQUEDA LOCAL
 - Funcion: rosenbrock
Coste Final BUSQUEDA LOCAL: 1.2523560224141012E20
Tiempo de Ejecucion: 0 ms
Numero de iteraciones 66Solucion BUSQUEDA LOCAL:
 - solucionBL[0] = 18805.84375
 - solucionBL[1] = 22647.626953125
 - solucionBL[2] = 9467.986328125
 - solucionBL[3] = 19811.056640625
 - solucionBL[4] = 18588.966796875
 - solucionBL[5] = 16912.44921875
 - solucionBL[6] = 20202.435546875
 - solucionBL[7] = 21273.4453125
 - solucionBL[8] = 18974.978515625
 - solucionBL[9] = 21263.740234375

