INICIO EJECUCION: Algoritmo BUSQUEDA LOCAL
 - Funcion: rotated
Coste Final BUSQUEDA LOCAL: 1.0001805387195473
Tiempo de Ejecucion: 9 ms
Numero de iteraciones 1000Solucion BUSQUEDA LOCAL:
 - solucionBL[0] = -0.001824853359721601
 - solucionBL[1] = -0.0014310915721580386
 - solucionBL[2] = -0.0014682166511192918
 - solucionBL[3] = -0.0019270229386165738
 - solucionBL[4] = -0.0022304882295429707
 - solucionBL[5] = -0.002211696468293667
 - solucionBL[6] = -0.002254451857879758
 - solucionBL[7] = -0.003107770113274455
 - solucionBL[8] = -0.004218325950205326
 - solucionBL[9] = -1596.1807861328125

