INICIO EJECUCION: Algoritmo BUSQUEDA TABU
 - Funcion: rosenbrock
Coste Final BUSQUEDA TABU: 41643.11872840684
Tiempo de Ejecucion: 4 ms
Numero de iteraciones 1000
Solucion BUSQUEDA TABU:
 - solucionBT[0] = 1.0063174962997437
 - solucionBT[1] = 1.1385719776153564
 - solucionBT[2] = 0.93104088306427
 - solucionBT[3] = 0.8927195072174072
 - solucionBT[4] = 1.2460293769836426
 - solucionBT[5] = 1.8452563285827637
 - solucionBT[6] = 3.737492799758911
 - solucionBT[7] = 13.919157981872559
 - solucionBT[8] = 194.76602172851562
 - solucionBT[9] = 37939.9375

