INICIO EJECUCION: Algoritmo BUSQUEDA LOCAL
 - Funcion: schewefel
Coste Final BUSQUEDA TABU: -6898.151841847457
Tiempo de Ejecucion: 41 ms
Numero de iteraciones 1000
Solucion BUSQUEDA TABU:
 - solucionBT[0] = -4463.9853515625
 - solucionBT[1] = 4874.951171875
 - solucionBT[2] = -574.42626953125
 - solucionBT[3] = 2678.8818359375
 - solucionBT[4] = 1243.12744140625
 - solucionBT[5] = 3348.8291015625
 - solucionBT[6] = -1095.175537109375
 - solucionBT[7] = 3289.4853515625
 - solucionBT[8] = -406.5068359375
 - solucionBT[9] = -2044.410400390625

