INICIO EJECUCION: Algoritmo BUSQUEDA LOCAL
 - Funcion: schewefel
Coste Final BUSQUEDA LOCAL: -11088.655773743814
Tiempo de Ejecucion: 0 ms
Numero de iteraciones 8Solucion BUSQUEDA LOCAL:
 - solucionBL[0] = 2678.516357421875
 - solucionBL[1] = 699.8098754882812
 - solucionBL[2] = -2284.561279296875
 - solucionBL[3] = -1406.98974609375
 - solucionBL[4] = 3324.2568359375
 - solucionBL[5] = 3957.5458984375
 - solucionBL[6] = 5014.32421875
 - solucionBL[7] = -519.6824951171875
 - solucionBL[8] = 3975.7861328125
 - solucionBL[9] = -930.2401733398438

