INICIO EJECUCION: Algoritmo BUSQUEDA TABU
 - Funcion: schewefel
Coste Final BUSQUEDA TABU: 129.94124631046634
Tiempo de Ejecucion: 6 ms
Numero de iteraciones 1000
Solucion BUSQUEDA TABU:
 - solucionBT[0] = 423.63201904296875
 - solucionBT[1] = 424.7365417480469
 - solucionBT[2] = 419.2272644042969
 - solucionBT[3] = 418.7235412597656
 - solucionBT[4] = 421.66046142578125
 - solucionBT[5] = -308.8191833496094
 - solucionBT[6] = 421.2593078613281
 - solucionBT[7] = 416.37579345703125
 - solucionBT[8] = 421.5333251953125
 - solucionBT[9] = 421.2640075683594

