INICIO EJECUCION: Algoritmo BUSQUEDA LOCAL
 - Funcion: trid
Coste Final BUSQUEDA TABU: 6864.44153963057
Tiempo de Ejecucion: 6 ms
Numero de iteraciones 1000
Solucion BUSQUEDA TABU:
 - solucionBT[0] = -92.12567901611328
 - solucionBT[1] = -35.91069030761719
 - solucionBT[2] = -65.59878540039062
 - solucionBT[3] = -45.26420974731445
 - solucionBT[4] = -56.84777069091797
 - solucionBT[5] = -19.58026123046875
 - solucionBT[6] = -72.7609634399414
 - solucionBT[7] = -7.173332214355469
 - solucionBT[8] = -7.000526428222656
 - solucionBT[9] = -52.93919372558594

