INICIO EJECUCION: Algoritmo BUSQUEDA LOCAL
 - Funcion: trid
Coste Final BUSQUEDA LOCAL: 113898.64753350668
Tiempo de Ejecucion: 0 ms
Numero de iteraciones 41Solucion BUSQUEDA LOCAL:
 - solucionBL[0] = -482.2621765136719
 - solucionBL[1] = -231.25115966796875
 - solucionBL[2] = -395.0719909667969
 - solucionBL[3] = -426.3988952636719
 - solucionBL[4] = -151.09207153320312
 - solucionBL[5] = -63.772682189941406
 - solucionBL[6] = -24.408140182495117
 - solucionBL[7] = -262.76605224609375
 - solucionBL[8] = -78.2793960571289
 - solucionBL[9] = -233.17977905273438

