INICIO EJECUCION: Algoritmo BUSQUEDA TABU
 - Funcion: trid
Coste Final BUSQUEDA TABU: -63.16999617846301
Tiempo de Ejecucion: 4 ms
Numero de iteraciones 1000
Solucion BUSQUEDA TABU:
 - solucionBT[0] = 0.24480944871902466
 - solucionBT[1] = 3.9112327098846436
 - solucionBT[2] = 6.011237621307373
 - solucionBT[3] = 6.269438743591309
 - solucionBT[4] = 6.2417216300964355
 - solucionBT[5] = 6.2435736656188965
 - solucionBT[6] = 6.277408123016357
 - solucionBT[7] = 6.244569301605225
 - solucionBT[8] = 4.143832683563232
 - solucionBT[9] = 0.30443325638771057

