INICIO EJECUCION: Algoritmo BUSQUEDA TABU
 - Funcion: trid
Coste Final BUSQUEDA TABU: 10.4357991496001
Tiempo de Ejecucion: 2 ms
Numero de iteraciones 1000
Solucion BUSQUEDA TABU:
 - solucionBT[0] = -0.027196219190955162
 - solucionBT[1] = -0.014380847103893757
 - solucionBT[2] = -0.017276030033826828
 - solucionBT[3] = -0.023820195347070694
 - solucionBT[4] = -0.0222648736089468
 - solucionBT[5] = -0.019915806129574776
 - solucionBT[6] = -0.015265403315424919
 - solucionBT[7] = -0.03182315081357956
 - solucionBT[8] = -0.022691117599606514
 - solucionBT[9] = -0.022800415754318237

