INICIO EJECUCION: Algoritmo BUSQUEDA LOCAL
 - Funcion: trid
Coste Final BUSQUEDA TABU: 275654.2269424796
Tiempo de Ejecucion: 4 ms
Numero de iteraciones 1000
Solucion BUSQUEDA TABU:
 - solucionBT[0] = -696.779296875
 - solucionBT[1] = -298.7928466796875
 - solucionBT[2] = -514.8470458984375
 - solucionBT[3] = -453.889892578125
 - solucionBT[4] = -964.819091796875
 - solucionBT[5] = -672.490234375
 - solucionBT[6] = -391.496337890625
 - solucionBT[7] = -94.7052001953125
 - solucionBT[8] = -341.271728515625
 - solucionBT[9] = -163.8680419921875

