INICIO EJECUCION: Algoritmo BUSQUEDA LOCAL
 - Funcion: trid
Coste Final BUSQUEDA TABU: -34845.477233769896
Tiempo de Ejecucion: 5 ms
Numero de iteraciones 1000
Solucion BUSQUEDA TABU:
 - solucionBT[0] = -539.21337890625
 - solucionBT[1] = -194.6107177734375
 - solucionBT[2] = -66.43086242675781
 - solucionBT[3] = -24.23815155029297
 - solucionBT[4] = -35.33190155029297
 - solucionBT[5] = -69.34403991699219
 - solucionBT[6] = -68.21138763427734
 - solucionBT[7] = -94.58612060546875
 - solucionBT[8] = -61.57128143310547
 - solucionBT[9] = -32.33277893066406

