INICIO EJECUCION: Algoritmo BUSQUEDA LOCAL
 - Funcion: trid
Coste Final BUSQUEDA TABU: -28118.477220325134
Tiempo de Ejecucion: 5 ms
Numero de iteraciones 1000
Solucion BUSQUEDA TABU:
 - solucionBT[0] = -837.3961181640625
 - solucionBT[1] = -45.634254455566406
 - solucionBT[2] = -59.51826477050781
 - solucionBT[3] = -21.897254943847656
 - solucionBT[4] = -73.72830200195312
 - solucionBT[5] = -20.15963363647461
 - solucionBT[6] = -28.516387939453125
 - solucionBT[7] = -69.15457153320312
 - solucionBT[8] = -76.25444793701172
 - solucionBT[9] = -46.28541564941406

