INICIO EJECUCION: Algoritmo BUSQUEDA LOCAL
 - Funcion: trid
Coste Final BUSQUEDA TABU: 6027.448151677105
Tiempo de Ejecucion: 4 ms
Numero de iteraciones 1000
Solucion BUSQUEDA TABU:
 - solucionBT[0] = -41.284549713134766
 - solucionBT[1] = -4.422111511230469
 - solucionBT[2] = -20.532058715820312
 - solucionBT[3] = -62.113243103027344
 - solucionBT[4] = -39.01712417602539
 - solucionBT[5] = -86.83990478515625
 - solucionBT[6] = -45.89082336425781
 - solucionBT[7] = -69.77407836914062
 - solucionBT[8] = -81.12301635742188
 - solucionBT[9] = -34.606956481933594

