INICIO EJECUCION: Algoritmo BUSQUEDA LOCAL
 - Funcion: ackley
Coste Final BUSQUEDA LOCAL: 21.131181538829576
Tiempo de Ejecucion: 0 ms
Numero de iteraciones 4Solucion BUSQUEDA LOCAL:
 - solucionBL[0] = -291.12872314453125
 - solucionBL[1] = 25908.23046875
 - solucionBL[2] = 27262.69140625
 - solucionBL[3] = -4061.9296875
 - solucionBL[4] = -7591.7890625
 - solucionBL[5] = -9902.6904296875
 - solucionBL[6] = 14365.89453125
 - solucionBL[7] = -27894.90234375
 - solucionBL[8] = 21553.03515625
 - solucionBL[9] = 1353.1015625

