INICIO EJECUCION: Algoritmo BUSQUEDA LOCAL
 - Funcion: ackley
Coste Final BUSQUEDA LOCAL: 21.13443100146467
Tiempo de Ejecucion: 0 ms
Numero de iteraciones 5Solucion BUSQUEDA LOCAL:
 - solucionBL[0] = 17648.865234375
 - solucionBL[1] = 4987.0244140625
 - solucionBL[2] = -16722.18359375
 - solucionBL[3] = -11172.07421875
 - solucionBL[4] = 22744.390625
 - solucionBL[5] = 26958.265625
 - solucionBL[6] = 30366.79296875
 - solucionBL[7] = -3903.041015625
 - solucionBL[8] = 27668.8671875
 - solucionBL[9] = -6060.85546875

