INICIO EJECUCION: Algoritmo BUSQUEDA LOCAL
 - Funcion: dixon
Coste Final BUSQUEDA LOCAL: 1.0337801462509839E14
Tiempo de Ejecucion: 0 ms
Numero de iteraciones 11Solucion BUSQUEDA LOCAL:
 - solucionBL[0] = 240.2088623046875
 - solucionBL[1] = 697.6045532226562
 - solucionBL[2] = 441.6015625
 - solucionBL[3] = 537.0912475585938
 - solucionBL[4] = -62.59355545043945
 - solucionBL[5] = 249.810791015625
 - solucionBL[6] = 535.4866943359375
 - solucionBL[7] = 717.8552856445312
 - solucionBL[8] = 670.9405517578125
 - solucionBL[9] = 678.7266235351562

