INICIO EJECUCION: Algoritmo BUSQUEDA LOCAL
 - Funcion: griewank
Coste Final BUSQUEDA LOCAL: 646.6331490744636
Tiempo de Ejecucion: 0 ms
Numero de iteraciones 4Solucion BUSQUEDA LOCAL:
 - solucionBL[0] = -8.830373764038086
 - solucionBL[1] = 790.656494140625
 - solucionBL[2] = 781.4083862304688
 - solucionBL[3] = -129.52037048339844
 - solucionBL[4] = -225.874755859375
 - solucionBL[5] = -300.7179260253906
 - solucionBL[6] = 399.7245178222656
 - solucionBL[7] = -829.8182983398438
 - solucionBL[8] = 581.892822265625
 - solucionBL[9] = 39.835697174072266

