INICIO EJECUCION: Algoritmo BUSQUEDA LOCAL
 - Funcion: griewank
Coste Final BUSQUEDA LOCAL: 507.5242643101604
Tiempo de Ejecucion: 1 ms
Numero de iteraciones 11Solucion BUSQUEDA LOCAL:
 - solucionBL[0] = -412.3640441894531
 - solucionBL[1] = 366.3131103515625
 - solucionBL[2] = -62.71955108642578
 - solucionBL[3] = 88.61431884765625
 - solucionBL[4] = -783.6203002929688
 - solucionBL[5] = -306.1553955078125
 - solucionBL[6] = 245.77012634277344
 - solucionBL[7] = 728.23974609375
 - solucionBL[8] = 327.1536865234375
 - solucionBL[9] = 551.8369140625

