INICIO EJECUCION: Algoritmo BUSQUEDA LOCAL
 - Funcion: michalewicz
Coste Final BUSQUEDA LOCAL: -1.287563823147854
Tiempo de Ejecucion: 0 ms
Numero de iteraciones 8Solucion BUSQUEDA LOCAL:
 - solucionBL[0] = 4.992130279541016
 - solucionBL[1] = 8.897262573242188
 - solucionBL[2] = 9.229948043823242
 - solucionBL[3] = 4.952040672302246
 - solucionBL[4] = 4.064166069030762
 - solucionBL[5] = 3.6321780681610107
 - solucionBL[6] = 6.278546333312988
 - solucionBL[7] = 0.5509763360023499
 - solucionBL[8] = 7.812760353088379
 - solucionBL[9] = 5.383784294128418

