INICIO EJECUCION: Algoritmo BUSQUEDA LOCAL
 - Funcion: michalewicz
Coste Final BUSQUEDA LOCAL: -1.125428590514172
Tiempo de Ejecucion: 0 ms
Numero de iteraciones 1Solucion BUSQUEDA LOCAL:
 - solucionBL[0] = 9.218252182006836
 - solucionBL[1] = 5.036348819732666
 - solucionBL[2] = 7.25382137298584
 - solucionBL[3] = 8.19579029083252
 - solucionBL[4] = 3.8903489112854004
 - solucionBL[5] = 9.579981803894043
 - solucionBL[6] = 2.4667539596557617
 - solucionBL[7] = 8.580681800842285
 - solucionBL[8] = 9.283304214477539
 - solucionBL[9] = 8.473691940307617

