INICIO EJECUCION: Algoritmo BUSQUEDA LOCAL
 - Funcion: perm
Coste Final BUSQUEDA LOCAL: 1.0332696099939325E42
Tiempo de Ejecucion: 0 ms
Numero de iteraciones 3Solucion BUSQUEDA LOCAL:
 - solucionBL[0] = -89.27970123291016
 - solucionBL[1] = 93.5694580078125
 - solucionBL[2] = -11.710661888122559
 - solucionBL[3] = 55.47170639038086
 - solucionBL[4] = 25.52393341064453
 - solucionBL[5] = 66.97657775878906
 - solucionBL[6] = -21.90351104736328
 - solucionBL[7] = 60.606101989746094
 - solucionBL[8] = -7.642665863037109
 - solucionBL[9] = -40.888206481933594

