INICIO EJECUCION: Algoritmo BUSQUEDA LOCAL
 - Funcion: perm
Coste Final BUSQUEDA LOCAL: 3.537645468870304E40
Tiempo de Ejecucion: 1 ms
Numero de iteraciones 11Solucion BUSQUEDA LOCAL:
 - solucionBL[0] = -41.84385681152344
 - solucionBL[1] = 36.63131332397461
 - solucionBL[2] = -6.173230171203613
 - solucionBL[3] = 10.195100784301758
 - solucionBL[4] = -74.1393814086914
 - solucionBL[5] = -29.727067947387695
 - solucionBL[6] = 26.62134552001953
 - solucionBL[7] = 72.9180908203125
 - solucionBL[8] = 33.243263244628906
 - solucionBL[9] = 66.92536926269531

