INICIO EJECUCION: Algoritmo BUSQUEDA LOCAL
 - Funcion: rastringin
Coste Final BUSQUEDA LOCAL: 8148.556448817538
Tiempo de Ejecucion: 0 ms
Numero de iteraciones 3Solucion BUSQUEDA LOCAL:
 - solucionBL[0] = -45.63978576660156
 - solucionBL[1] = 47.83271026611328
 - solucionBL[2] = -5.98649263381958
 - solucionBL[3] = 28.35713768005371
 - solucionBL[4] = 13.047835350036621
 - solucionBL[5] = 34.23843002319336
 - solucionBL[6] = -11.197074890136719
 - solucionBL[7] = 30.98183822631836
 - solucionBL[8] = -3.9069299697875977
 - solucionBL[9] = -20.90205192565918

