INICIO EJECUCION: Algoritmo BUSQUEDA LOCAL
 - Funcion: rosenbrock
Coste Final BUSQUEDA LOCAL: 2.941744625382546E21
Tiempo de Ejecucion: 0 ms
Numero de iteraciones 12Solucion BUSQUEDA LOCAL:
 - solucionBL[0] = 41711.62109375
 - solucionBL[1] = 35492.6640625
 - solucionBL[2] = 16094.37890625
 - solucionBL[3] = 17825.875
 - solucionBL[4] = 48156.46875
 - solucionBL[5] = 49288.171875
 - solucionBL[6] = 56428.71484375
 - solucionBL[7] = 24723.0
 - solucionBL[8] = 41066.09765625
 - solucionBL[9] = 22757.8125

