INICIO EJECUCION: Algoritmo BUSQUEDA LOCAL
 - Funcion: rosenbrock
Coste Final BUSQUEDA LOCAL: 3.306763291942745E21
Tiempo de Ejecucion: 0 ms
Numero de iteraciones 4Solucion BUSQUEDA LOCAL:
 - solucionBL[0] = 29283.654296875
 - solucionBL[1] = 58675.70703125
 - solucionBL[2] = 56380.58203125
 - solucionBL[3] = 29990.712890625
 - solucionBL[4] = 24542.041015625
 - solucionBL[5] = 26046.08203125
 - solucionBL[6] = 42973.2734375
 - solucionBL[7] = 3036.24755859375
 - solucionBL[8] = 48055.78515625
 - solucionBL[9] = 32914.328125

