INICIO EJECUCION: Algoritmo BUSQUEDA LOCAL
 - Funcion: rotated
Coste Final BUSQUEDA LOCAL: 1.3987734925668778E85
Tiempo de Ejecucion: 0 ms
Numero de iteraciones 3Solucion BUSQUEDA LOCAL:
 - solucionBL[0] = -28949.455078125
 - solucionBL[1] = -4994.6884765625
 - solucionBL[2] = -3718.925048828125
 - solucionBL[3] = -35932.8671875
 - solucionBL[4] = -37461.4609375
 - solucionBL[5] = -41931.80078125
 - solucionBL[6] = -15984.1123046875
 - solucionBL[7] = -64436.390625
 - solucionBL[8] = -9517.43359375
 - solucionBL[9] = -30348.61328125

