INICIO EJECUCION: Algoritmo BUSQUEDA LOCAL
 - Funcion: schewefel
Coste Final BUSQUEDA LOCAL: -7925.535000583945
Tiempo de Ejecucion: 0 ms
Numero de iteraciones 2Solucion BUSQUEDA LOCAL:
 - solucionBL[0] = -4463.9853515625
 - solucionBL[1] = 4874.951171875
 - solucionBL[2] = -574.42626953125
 - solucionBL[3] = 2678.8818359375
 - solucionBL[4] = 1243.12744140625
 - solucionBL[5] = 3348.8291015625
 - solucionBL[6] = -990.8705444335938
 - solucionBL[7] = 3289.4853515625
 - solucionBL[8] = -406.5068359375
 - solucionBL[9] = -2044.410400390625

