INICIO EJECUCION: Algoritmo BUSQUEDA LOCAL
 - Funcion: schewefel
Coste Final BUSQUEDA LOCAL: -16807.03634349913
Tiempo de Ejecucion: 0 ms
Numero de iteraciones 4Solucion BUSQUEDA LOCAL:
 - solucionBL[0] = 4171.91943359375
 - solucionBL[1] = 39.824588775634766
 - solucionBL[2] = 2141.586669921875
 - solucionBL[3] = 3367.8349609375
 - solucionBL[4] = -1109.651123046875
 - solucionBL[5] = 4845.73388671875
 - solucionBL[6] = -2344.90576171875
 - solucionBL[7] = 3402.572509765625
 - solucionBL[8] = 4245.1826171875
 - solucionBL[9] = 3272.418212890625

