INICIO EJECUCION: Algoritmo BUSQUEDA LOCAL
 - Funcion: trid
Coste Final BUSQUEDA LOCAL: 462067.98050461453
Tiempo de Ejecucion: 1 ms
Numero de iteraciones 21Solucion BUSQUEDA LOCAL:
 - solucionBL[0] = -203.85899353027344
 - solucionBL[1] = -339.2401428222656
 - solucionBL[2] = -705.2670288085938
 - solucionBL[3] = -489.2273864746094
 - solucionBL[4] = -161.74081420898438
 - solucionBL[5] = -56.44218063354492
 - solucionBL[6] = -20.31001853942871
 - solucionBL[7] = -328.29168701171875
 - solucionBL[8] = -95.31770324707031
 - solucionBL[9] = -402.24835205078125

