INICIO EJECUCION: Algoritmo BUSQUEDA LOCAL
 - Funcion: ackley
Coste Final BUSQUEDA LOCAL: 21.498695449988656
Tiempo de Ejecucion: 1021500 ns
Numero de iteraciones 1
Solucion BUSQUEDA LOCAL:
 - solucionBL[0] = -20854.779296875
 - solucionBL[1] = 17461.6640625
 - solucionBL[2] = 30318.98828125
 - solucionBL[3] = 24758.96875
 - solucionBL[4] = 6754.91015625
 - solucionBL[5] = 14306.7265625
 - solucionBL[6] = 25046.18359375
 - solucionBL[7] = 21516.546875
 - solucionBL[8] = -30780.36328125
 - solucionBL[9] = 14884.91015625

