INICIO EJECUCION: Algoritmo BUSQUEDA LOCAL
 - Funcion: trid
Coste Final BUSQUEDA LOCAL: 1278524.3646372817
Tiempo de Ejecucion: 0 ms
Numero de iteraciones 2
Solucion BUSQUEDA LOCAL:
 - solucionBL[0] = -927.4022216796875
 - solucionBL[1] = -729.1678466796875
 - solucionBL[2] = -912.8107299804688
 - solucionBL[3] = -364.7518310546875
 - solucionBL[4] = -419.14776611328125
 - solucionBL[5] = -213.2708740234375
 - solucionBL[6] = -523.3406982421875
 - solucionBL[7] = -55.22222900390625
 - solucionBL[8] = -828.5028076171875
 - solucionBL[9] = -423.7520751953125

