INICIO EJECUCION: Algoritmo BUSQUEDA LOCAL
 - Funcion: perm
Coste Final BUSQUEDA LOCAL: 2.6722229013760434E40
Tiempo de Ejecucion: 142000 ns
Numero de iteraciones 4
Solucion BUSQUEDA LOCAL:
 - solucionBL[0] = 7.541645050048828
 - solucionBL[1] = 75.92339324951172
 - solucionBL[2] = 19.586912155151367
 - solucionBL[3] = -1.7735235691070557
 - solucionBL[4] = 2.034076690673828
 - solucionBL[5] = 26.633644104003906
 - solucionBL[6] = -57.86153030395508
 - solucionBL[7] = 13.1280517578125
 - solucionBL[8] = -0.49771615862846375
 - solucionBL[9] = 72.47171783447266

