INICIO EJECUCION: Algoritmo BUSQUEDA LOCAL
 - Funcion: perm
Coste Final BUSQUEDA LOCAL: 8.304864852362919E39
Tiempo de Ejecucion: 596500 ns
Numero de iteraciones 16
Solucion BUSQUEDA LOCAL:
 - solucionBL[0] = 65.57209777832031
 - solucionBL[1] = -68.10504913330078
 - solucionBL[2] = 2.8536014556884766
 - solucionBL[3] = -61.94109344482422
 - solucionBL[4] = 66.4918212890625
 - solucionBL[5] = 24.822595596313477
 - solucionBL[6] = 42.145721435546875
 - solucionBL[7] = 23.360538482666016
 - solucionBL[8] = -60.223602294921875
 - solucionBL[9] = -7.096156120300293

