INICIO EJECUCION: Algoritmo BUSQUEDA LOCAL
 - Funcion: griewank
Coste Final BUSQUEDA LOCAL: 589.1315625157074
Tiempo de Ejecucion: 1 ms
Numero de iteraciones 16
Solucion BUSQUEDA LOCAL:
 - solucionBL[0] = 655.7210693359375
 - solucionBL[1] = -681.0504760742188
 - solucionBL[2] = 28.536033630371094
 - solucionBL[3] = -645.7728881835938
 - solucionBL[4] = 664.9180908203125
 - solucionBL[5] = 236.44830322265625
 - solucionBL[6] = 364.6651916503906
 - solucionBL[7] = 227.02027893066406
 - solucionBL[8] = -593.8193969726562
 - solucionBL[9] = -75.58390808105469

