INICIO EJECUCION: Algoritmo BUSQUEDA LOCAL
 - Funcion: rastringin
Coste Final BUSQUEDA LOCAL: 7432.2650016251
Tiempo de Ejecucion: 0 ms
Numero de iteraciones 8
Solucion BUSQUEDA LOCAL:
 - solucionBL[0] = 39.487186431884766
 - solucionBL[1] = -33.04240798950195
 - solucionBL[2] = 1.329448938369751
 - solucionBL[3] = -36.1825065612793
 - solucionBL[4] = 38.68708419799805
 - solucionBL[5] = 13.849410057067871
 - solucionBL[6] = 21.087995529174805
 - solucionBL[7] = 13.02781867980957
 - solucionBL[8] = -33.10020065307617
 - solucionBL[9] = -3.018742084503174

