INICIO EJECUCION: Algoritmo BUSQUEDA LOCAL
 - Funcion: griewank
Coste Final BUSQUEDA LOCAL: 393.36137492903464
Tiempo de Ejecucion: 1 ms
Numero de iteraciones 4
Solucion BUSQUEDA LOCAL:
 - solucionBL[0] = 75.41639709472656
 - solucionBL[1] = 759.2339477539062
 - solucionBL[2] = 195.869140625
 - solucionBL[3] = -17.73520278930664
 - solucionBL[4] = 20.34079933166504
 - solucionBL[5] = 266.33642578125
 - solucionBL[6] = -578.6152954101562
 - solucionBL[7] = 131.280517578125
 - solucionBL[8] = -4.977177619934082
 - solucionBL[9] = 724.7172241210938

