INICIO EJECUCION: Algoritmo BUSQUEDA LOCAL
 - Funcion: dixon
Coste Final BUSQUEDA LOCAL: 9.492357890031166E13
Tiempo de Ejecucion: 0 ms
Numero de iteraciones 4
Solucion BUSQUEDA LOCAL:
 - solucionBL[0] = 451.5113830566406
 - solucionBL[1] = 894.3219604492188
 - solucionBL[2] = 529.3839111328125
 - solucionBL[3] = 440.92010498046875
 - solucionBL[4] = 460.7943115234375
 - solucionBL[5] = 596.4850463867188
 - solucionBL[6] = 131.76158142089844
 - solucionBL[7] = 522.2042846679688
 - solucionBL[8] = 393.8122863769531
 - solucionBL[9] = 789.535400390625

