INICIO EJECUCION: Algoritmo BUSQUEDA LOCAL
 - Funcion: rotated
Coste Final BUSQUEDA LOCAL: 3.4832988584497937E89
Tiempo de Ejecucion: 12000 ns
Numero de iteraciones 4
Solucion BUSQUEDA LOCAL:
 - solucionBL[0] = -60660.1875
 - solucionBL[1] = -44065.28515625
 - solucionBL[2] = -58944.30859375
 - solucionBL[3] = -18402.732421875
 - solucionBL[4] = -27233.28515625
 - solucionBL[5] = -13818.2470703125
 - solucionBL[6] = -32023.00390625
 - solucionBL[7] = -2082.8203125
 - solucionBL[8] = -54121.7890625
 - solucionBL[9] = -26246.390625

