INICIO EJECUCION: Algoritmo BUSQUEDA LOCAL
 - Funcion: rosenbrock
Coste Final BUSQUEDA LOCAL: 3.00020659615172E21
Tiempo de Ejecucion: 6700 ns
Numero de iteraciones 4
Solucion BUSQUEDA LOCAL:
 - solucionBL[0] = 56818.9453125
 - solucionBL[1] = 6691.9150390625
 - solucionBL[2] = 35950.1796875
 - solucionBL[3] = 5993.7783203125
 - solucionBL[4] = 54709.05859375
 - solucionBL[5] = 37540.79296875
 - solucionBL[6] = 45004.62109375
 - solucionBL[7] = 41044.4375
 - solucionBL[8] = 12110.841796875
 - solucionBL[9] = 27438.357421875

