INICIO EJECUCION: Algoritmo BUSQUEDA LOCAL
 - Funcion: rastringin
Coste Final BUSQUEDA LOCAL: 8917.558372718157
Tiempo de Ejecucion: 25500 ns
Numero de iteraciones 2
Solucion BUSQUEDA LOCAL:
 - solucionBL[0] = -43.74394607543945
 - solucionBL[1] = -22.922382354736328
 - solucionBL[2] = -45.89363098144531
 - solucionBL[3] = 13.422252655029297
 - solucionBL[4] = 7.895534515380859
 - solucionBL[5] = 28.81296157836914
 - solucionBL[6] = -0.44088342785835266
 - solucionBL[7] = 44.8709602355957
 - solucionBL[8] = -33.69561004638672
 - solucionBL[9] = 7.427726745605469

