INICIO EJECUCION: Algoritmo BUSQUEDA LOCAL
 - Funcion: michalewicz
Coste Final BUSQUEDA LOCAL: -0.5065152504287903
Tiempo de Ejecucion: 22700 ns
Numero de iteraciones 3
Solucion BUSQUEDA LOCAL:
 - solucionBL[0] = 9.051573753356934
 - solucionBL[1] = 1.121801495552063
 - solucionBL[2] = 5.493272304534912
 - solucionBL[3] = 0.9153297543525696
 - solucionBL[4] = 8.4030179977417
 - solucionBL[5] = 6.395235061645508
 - solucionBL[6] = 7.303380489349365
 - solucionBL[7] = 6.263169288635254
 - solucionBL[8] = 1.8485897779464722
 - solucionBL[9] = 4.723015308380127

