INICIO EJECUCION: Algoritmo BUSQUEDA LOCAL
 - Funcion: rastringin
Coste Final BUSQUEDA LOCAL: 11002.154702048607
Tiempo de Ejecucion: 49000 ns
Numero de iteraciones 1
Solucion BUSQUEDA LOCAL:
 - solucionBL[0] = -48.154632568359375
 - solucionBL[1] = 39.91941452026367
 - solucionBL[2] = -42.771766662597656
 - solucionBL[3] = -2.4653701782226562
 - solucionBL[4] = -38.80633544921875
 - solucionBL[5] = -6.169666290283203
 - solucionBL[6] = 5.519023895263672
 - solucionBL[7] = -13.59885025024414
 - solucionBL[8] = -29.024351119995117
 - solucionBL[9] = 50.48354721069336

