INICIO EJECUCION: Algoritmo BUSQUEDA LOCAL
 - Funcion: trid
Coste Final BUSQUEDA LOCAL: 494688.28342056426
Tiempo de Ejecucion: 75400 ns
Numero de iteraciones 19
Solucion BUSQUEDA LOCAL:
 - solucionBL[0] = -607.429443359375
 - solucionBL[1] = -263.2951354980469
 - solucionBL[2] = -33.519866943359375
 - solucionBL[3] = -117.28762817382812
 - solucionBL[4] = -354.97283935546875
 - solucionBL[5] = -215.96932983398438
 - solucionBL[6] = -97.26273345947266
 - solucionBL[7] = -190.13291931152344
 - solucionBL[8] = -588.637451171875
 - solucionBL[9] = -309.27728271484375

