INICIO EJECUCION: Algoritmo BUSQUEDA LOCAL
 - Funcion: rosenbrock
Coste Final BUSQUEDA LOCAL: 2.617421549252951E21
Tiempo de Ejecucion: 0 ms
Numero de iteraciones 2
Solucion BUSQUEDA LOCAL:
 - solucionBL[0] = 4723.42333984375
 - solucionBL[1] = 18266.58203125
 - solucionBL[2] = 1627.4171142578125
 - solucionBL[3] = 44133.48046875
 - solucionBL[4] = 37826.9375
 - solucionBL[5] = 46714.5234375
 - solucionBL[6] = 32494.9296875
 - solucionBL[7] = 61530.05078125
 - solucionBL[8] = 10300.7568359375
 - solucionBL[9] = 38348.85546875

