INICIO EJECUCION: Algoritmo BUSQUEDA LOCAL
 - Funcion: schewefel
Coste Final BUSQUEDA LOCAL: 2689.919862924492
Tiempo de Ejecucion: 94400 ns
Numero de iteraciones 4
Solucion BUSQUEDA LOCAL:
 - solucionBL[0] = -294.4987487792969
 - solucionBL[1] = 239.8345184326172
 - solucionBL[2] = 438.89947509765625
 - solucionBL[3] = 403.9750671386719
 - solucionBL[4] = 109.02083587646484
 - solucionBL[5] = 218.90301513671875
 - solucionBL[6] = 398.4293212890625
 - solucionBL[7] = 296.62091064453125
 - solucionBL[8] = -494.1050109863281
 - solucionBL[9] = 227.125732421875

