INICIO EJECUCION: Algoritmo BUSQUEDA LOCAL
 - Funcion: schewefel
Coste Final BUSQUEDA LOCAL: 3147.9007754497698
Tiempo de Ejecucion: 36200 ns
Numero de iteraciones 8
Solucion BUSQUEDA LOCAL:
 - solucionBL[0] = 424.9749755859375
 - solucionBL[1] = -309.7861022949219
 - solucionBL[2] = 13.208037376403809
 - solucionBL[3] = -383.3554382324219
 - solucionBL[4] = 400.755859375
 - solucionBL[5] = 141.612548828125
 - solucionBL[6] = 222.62681579589844
 - solucionBL[7] = 116.61431884765625
 - solucionBL[8] = -323.7500305175781
 - solucionBL[9] = -27.623554229736328

