INICIO EJECUCION: Algoritmo BUSQUEDA LOCAL
 - Funcion: schewefel
Coste Final BUSQUEDA LOCAL: 3181.6953901675424
Tiempo de Ejecucion: 0 ms
Numero de iteraciones 7
Solucion BUSQUEDA LOCAL:
 - solucionBL[0] = 39.77329635620117
 - solucionBL[1] = 398.47357177734375
 - solucionBL[2] = 92.08649444580078
 - solucionBL[3] = -8.44687557220459
 - solucionBL[4] = 9.210018157958984
 - solucionBL[5] = 116.45242309570312
 - solucionBL[6] = -302.8512268066406
 - solucionBL[7] = 65.6402587890625
 - solucionBL[8] = -2.4938528537750244
 - solucionBL[9] = 421.5101318359375

