INICIO EJECUCION: Algoritmo BUSQUEDA LOCAL
 - Funcion: rastringin
Coste Final BUSQUEDA LOCAL: 9001.146124501076
Tiempo de Ejecucion: 174800 ns
Numero de iteraciones 13
Solucion BUSQUEDA LOCAL:
 - solucionBL[0] = -29.9588623046875
 - solucionBL[1] = 25.4970645904541
 - solucionBL[2] = 36.04063034057617
 - solucionBL[3] = 34.736534118652344
 - solucionBL[4] = 10.538055419921875
 - solucionBL[5] = 27.48316764831543
 - solucionBL[6] = 38.69587707519531
 - solucionBL[7] = 28.42205047607422
 - solucionBL[8] = -36.36476516723633
 - solucionBL[9] = 18.15612030029297

