INICIO EJECUCION: Algoritmo BUSQUEDA LOCAL
 - Funcion: schewefel
Coste Final BUSQUEDA LOCAL: 4519.260955787859
Tiempo de Ejecucion: 0 ms
Numero de iteraciones 1
Solucion BUSQUEDA LOCAL:
 - solucionBL[0] = -427.8554992675781
 - solucionBL[1] = -221.21905517578125
 - solucionBL[2] = -476.6149597167969
 - solucionBL[3] = 131.28179931640625
 - solucionBL[4] = 77.22552490234375
 - solucionBL[5] = 281.81689453125
 - solucionBL[6] = -4.12823486328125
 - solucionBL[7] = 438.87872314453125
 - solucionBL[8] = -329.5736389160156
 - solucionBL[9] = 72.64990234375

