INICIO EJECUCION: Algoritmo BUSQUEDA LOCAL
 - Funcion: griewank
Coste Final BUSQUEDA LOCAL: 843.5517099085661
Tiempo de Ejecucion: 43100 ns
Numero de iteraciones 2
Solucion BUSQUEDA LOCAL:
 - solucionBL[0] = -855.7109985351562
 - solucionBL[1] = -442.4381103515625
 - solucionBL[2] = -882.568603515625
 - solucionBL[3] = 280.1037292480469
 - solucionBL[4] = 154.4510498046875
 - solucionBL[5] = 513.8936157226562
 - solucionBL[6] = -8.2564697265625
 - solucionBL[7] = 877.7574462890625
 - solucionBL[8] = -710.1648559570312
 - solucionBL[9] = 148.4817352294922

