INICIO EJECUCION: Algoritmo BUSQUEDA LOCAL
 - Funcion: michalewicz
Coste Final BUSQUEDA LOCAL: -0.15801284935582693
Tiempo de Ejecucion: 26900 ns
Numero de iteraciones 3
Solucion BUSQUEDA LOCAL:
 - solucionBL[0] = 5.354506969451904
 - solucionBL[1] = 9.039290428161621
 - solucionBL[2] = 5.6644110679626465
 - solucionBL[3] = 4.917455196380615
 - solucionBL[4] = 5.098130226135254
 - solucionBL[5] = 6.331682205200195
 - solucionBL[6] = 2.1069235801696777
 - solucionBL[7] = 5.656402587890625
 - solucionBL[8] = 4.753048896789551
 - solucionBL[9] = 8.211557388305664

