INICIO EJECUCION: Algoritmo BUSQUEDA LOCAL
 - Funcion: perm
Coste Final BUSQUEDA LOCAL: 8.822061166857145E40
Tiempo de Ejecucion: 1 ms
Numero de iteraciones 13
Solucion BUSQUEDA LOCAL:
 - solucionBL[0] = -75.88214111328125
 - solucionBL[1] = 55.65198516845703
 - solucionBL[2] = 72.49598693847656
 - solucionBL[3] = 62.22502899169922
 - solucionBL[4] = 22.358842849731445
 - solucionBL[5] = 48.34687423706055
 - solucionBL[6] = 76.8623275756836
 - solucionBL[7] = 61.539703369140625
 - solucionBL[8] = -63.85551452636719
 - solucionBL[9] = 45.460487365722656

