INICIO EJECUCION: Algoritmo BUSQUEDA LOCAL
 - Funcion: dixon
Coste Final BUSQUEDA LOCAL: 1.279776589067683E14
Tiempo de Ejecucion: 0 ms
Numero de iteraciones 3
Solucion BUSQUEDA LOCAL:
 - solucionBL[0] = -20.641036987304688
 - solucionBL[1] = 211.80685424804688
 - solucionBL[2] = -74.49308013916016
 - solucionBL[3] = 677.7991943359375
 - solucionBL[4] = 534.9480590820312
 - solucionBL[5] = 655.9238891601562
 - solucionBL[6] = 463.1477355957031
 - solucionBL[7] = 932.7666015625
 - solucionBL[8] = 80.69894409179688
 - solucionBL[9] = 494.40777587890625

