INICIO EJECUCION: Algoritmo BUSQUEDA LOCAL
 - Funcion: michalewicz
Coste Final BUSQUEDA LOCAL: -4.0924165460979065
Tiempo de Ejecucion: 55800 ns
Numero de iteraciones 4
Solucion BUSQUEDA LOCAL:
 - solucionBL[0] = 1.8905225992202759
 - solucionBL[1] = 8.015310287475586
 - solucionBL[2] = 8.208719253540039
 - solucionBL[3] = 8.777918815612793
 - solucionBL[4] = 6.030717372894287
 - solucionBL[5] = 7.183032989501953
 - solucionBL[6] = 9.624594688415527
 - solucionBL[7] = 7.762991428375244
 - solucionBL[8] = 0.28432491421699524
 - solucionBL[9] = 7.815115928649902

