INICIO EJECUCION: Algoritmo BUSQUEDA LOCAL
 - Funcion: schewefel
Coste Final BUSQUEDA LOCAL: 3688.506702167815
Tiempo de Ejecucion: 30100 ns
Numero de iteraciones 3
Solucion BUSQUEDA LOCAL:
 - solucionBL[0] = -497.3878173828125
 - solucionBL[1] = 389.7989807128906
 - solucionBL[2] = -418.3466796875
 - solucionBL[3] = -24.759485244750977
 - solucionBL[4] = -379.5611877441406
 - solucionBL[5] = -67.51258850097656
 - solucionBL[6] = 53.9810791015625
 - solucionBL[7] = -120.75886535644531
 - solucionBL[8] = -283.8844909667969
 - solucionBL[9] = 452.08953857421875

