INICIO EJECUCION: Algoritmo BUSQUEDA LOCAL
 - Funcion: rastringin
Coste Final BUSQUEDA LOCAL: 4172.809868184304
Tiempo de Ejecucion: 47600 ns
Numero de iteraciones 4
Solucion BUSQUEDA LOCAL:
 - solucionBL[0] = 3.85528564453125
 - solucionBL[1] = 38.81203079223633
 - solucionBL[2] = 10.012828826904297
 - solucionBL[3] = -0.9066250324249268
 - solucionBL[4] = 1.0398191213607788
 - solucionBL[5] = 13.615116119384766
 - solucionBL[6] = -29.578813552856445
 - solucionBL[7] = 6.7110595703125
 - solucionBL[8] = -0.2544320821762085
 - solucionBL[9] = 37.047542572021484

