INICIO EJECUCION: Algoritmo BUSQUEDA LOCAL
 - Funcion: rosenbrock
Coste Final BUSQUEDA LOCAL: 1.9939384055013735E21
Tiempo de Ejecucion: 17600 ns
Numero de iteraciones 4
Solucion BUSQUEDA LOCAL:
 - solucionBL[0] = 37323.453125
 - solucionBL[1] = 54921.91015625
 - solucionBL[2] = 37223.72265625
 - solucionBL[3] = 29830.841796875
 - solucionBL[4] = 31579.533203125
 - solucionBL[5] = 38180.796875
 - solucionBL[6] = 13803.9873046875
 - solucionBL[7] = 37067.62890625
 - solucionBL[8] = 32713.60546875
 - solucionBL[9] = 62599.5234375

