INICIO EJECUCION: Algoritmo BUSQUEDA LOCAL
 - Funcion: rotated
Coste Final BUSQUEDA LOCAL: 1.6412358313536967E85
Tiempo de Ejecucion: 15800 ns
Numero de iteraciones 5
Solucion BUSQUEDA LOCAL:
 - solucionBL[0] = -4382.6943359375
 - solucionBL[1] = -47069.875
 - solucionBL[2] = -28600.82421875
 - solucionBL[3] = -54572.8203125
 - solucionBL[4] = -4972.021484375
 - solucionBL[5] = -22314.4453125
 - solucionBL[6] = -16176.8359375
 - solucionBL[7] = -23207.0
 - solucionBL[8] = -55556.59375
 - solucionBL[9] = -33525.0703125

