INICIO EJECUCION: Algoritmo BUSQUEDA LOCAL
 - Funcion: perm
Coste Final BUSQUEDA LOCAL: 7.791734668362388E42
Tiempo de Ejecucion: 45400 ns
Numero de iteraciones 1
Solucion BUSQUEDA LOCAL:
 - solucionBL[0] = -94.19921112060547
 - solucionBL[1] = 78.08963012695312
 - solucionBL[2] = -83.66934204101562
 - solucionBL[3] = -4.822715759277344
 - solucionBL[4] = -75.91223907470703
 - solucionBL[5] = -12.068984985351562
 - solucionBL[6] = 10.796211242675781
 - solucionBL[7] = -26.601821899414062
 - solucionBL[8] = -56.77689743041992
 - solucionBL[9] = 98.75498962402344

