INICIO EJECUCION: Algoritmo BUSQUEDA LOCAL
 - Funcion: schewefel
Coste Final BUSQUEDA LOCAL: 3376.888587896935
Tiempo de Ejecucion: 36100 ns
Numero de iteraciones 5
Solucion BUSQUEDA LOCAL:
 - solucionBL[0] = 405.15740966796875
 - solucionBL[1] = -326.7606201171875
 - solucionBL[2] = 12.13909912109375
 - solucionBL[3] = -414.9986877441406
 - solucionBL[4] = 400.755859375
 - solucionBL[5] = 133.95741271972656
 - solucionBL[6] = 222.62681579589844
 - solucionBL[7] = 111.93099212646484
 - solucionBL[8] = -315.1410217285156
 - solucionBL[9] = -28.87702751159668

