INICIO EJECUCION: Algoritmo BUSQUEDA LOCAL
 - Funcion: michalewicz
Coste Final BUSQUEDA LOCAL: -2.563933083417201
Tiempo de Ejecucion: 0 ms
Numero de iteraciones 5
Solucion BUSQUEDA LOCAL:
 - solucionBL[0] = 0.6484711170196533
 - solucionBL[1] = 2.9101991653442383
 - solucionBL[2] = 0.23385027050971985
 - solucionBL[3] = 6.823867321014404
 - solucionBL[4] = 5.772254943847656
 - solucionBL[5] = 8.024184226989746
 - solucionBL[6] = 4.78537654876709
 - solucionBL[7] = 8.842462539672852
 - solucionBL[8] = 1.5924596786499023
 - solucionBL[9] = 5.9272541999816895

