INICIO EJECUCION: Algoritmo BUSQUEDA LOCAL
 - Funcion: rotated
Coste Final BUSQUEDA LOCAL: 1.1810903520683092E88
Tiempo de Ejecucion: 0 ms
Numero de iteraciones 14
Solucion BUSQUEDA LOCAL:
 - solucionBL[0] = -43059.84375
 - solucionBL[1] = -6427.76220703125
 - solucionBL[2] = -57180.99609375
 - solucionBL[3] = -26518.572265625
 - solucionBL[4] = -42171.62109375
 - solucionBL[5] = -32971.23046875
 - solucionBL[6] = -32204.662109375
 - solucionBL[7] = -48639.19140625
 - solucionBL[8] = -43149.31640625
 - solucionBL[9] = 1542.5687255859375

