INICIO EJECUCION: Algoritmo BUSQUEDA LOCAL
 - Funcion: rastringin
Coste Final BUSQUEDA LOCAL: 6516.6243232766265
Tiempo de Ejecucion: 0 ms
Numero de iteraciones 19
Solucion BUSQUEDA LOCAL:
 - solucionBL[0] = -37.99278259277344
 - solucionBL[1] = 28.319643020629883
 - solucionBL[2] = -35.487693786621094
 - solucionBL[3] = -2.5906200408935547
 - solucionBL[4] = -31.795888900756836
 - solucionBL[5] = -5.810466289520264
 - solucionBL[6] = 5.745329856872559
 - solucionBL[7] = -13.953717231750488
 - solucionBL[8] = -20.499540328979492
 - solucionBL[9] = 34.61130905151367

