INICIO EJECUCION: Algoritmo BUSQUEDA LOCAL
 - Funcion: perm
Coste Final BUSQUEDA LOCAL: 2.233401576791134E40
Tiempo de Ejecucion: 1 ms
Numero de iteraciones 19
Solucion BUSQUEDA LOCAL:
 - solucionBL[0] = -69.05821228027344
 - solucionBL[1] = 62.242977142333984
 - solucionBL[2] = -66.30043029785156
 - solucionBL[3] = -5.271140098571777
 - solucionBL[4] = -71.29046630859375
 - solucionBL[5] = -11.822782516479492
 - solucionBL[6] = 10.561488151550293
 - solucionBL[7] = -26.545326232910156
 - solucionBL[8] = -51.816253662109375
 - solucionBL[9] = 67.09574890136719

