INICIO EJECUCION: Algoritmo BUSQUEDA LOCAL
 - Funcion: rosenbrock
Coste Final BUSQUEDA LOCAL: 3.37832100069911E21
Tiempo de Ejecucion: 79400 ns
Numero de iteraciones 14
Solucion BUSQUEDA LOCAL:
 - solucionBL[0] = 10154.9296875
 - solucionBL[1] = 41581.08203125
 - solucionBL[2] = 48826.171875
 - solucionBL[3] = 48566.28125
 - solucionBL[4] = 39248.06640625
 - solucionBL[5] = 46139.6640625
 - solucionBL[6] = 51154.3515625
 - solucionBL[7] = 49043.16015625
 - solucionBL[8] = 2210.9296875
 - solucionBL[9] = 48958.01171875

