INICIO EJECUCION: Algoritmo BUSQUEDA LOCAL
 - Funcion: ackley
Coste Final BUSQUEDA LOCAL: 21.352505640741914
Tiempo de Ejecucion: 81200 ns
Numero de iteraciones 3
Solucion BUSQUEDA LOCAL:
 - solucionBL[0] = -21419.19140625
 - solucionBL[1] = 15737.1103515625
 - solucionBL[2] = 30318.98828125
 - solucionBL[3] = 24758.96875
 - solucionBL[4] = 7144.78759765625
 - solucionBL[5] = 14346.0263671875
 - solucionBL[6] = 26111.46484375
 - solucionBL[7] = 19439.34765625
 - solucionBL[8] = -32381.666015625
 - solucionBL[9] = 14884.91015625

