INICIO EJECUCION: Algoritmo BUSQUEDA LOCAL
 - Funcion: ackley
Coste Final BUSQUEDA LOCAL: 20.671454018069273
Tiempo de Ejecucion: 0 ms
Numero de iteraciones 5
Solucion BUSQUEDA LOCAL:
 - solucionBL[0] = -30975.84765625
 - solucionBL[1] = -14497.8125
 - solucionBL[2] = -28590.072265625
 - solucionBL[3] = 8124.0771484375
 - solucionBL[4] = 5061.05078125
 - solucionBL[5] = 19840.015625
 - solucionBL[6] = -263.1069030761719
 - solucionBL[7] = 27885.84375
 - solucionBL[8] = -23015.880859375
 - solucionBL[9] = 4761.18359375

