INICIO EJECUCION: Algoritmo BUSQUEDA LOCAL
 - Funcion: rastringin
Coste Final BUSQUEDA LOCAL: 5568.2839615269195
Tiempo de Ejecucion: 0 ms
Numero de iteraciones 13
Solucion BUSQUEDA LOCAL:
 - solucionBL[0] = 33.48128890991211
 - solucionBL[1] = -33.558982849121094
 - solucionBL[2] = 1.3356865644454956
 - solucionBL[3] = -30.15714454650879
 - solucionBL[4] = 30.56252098083496
 - solucionBL[5] = 11.766353607177734
 - solucionBL[6] = 22.492958068847656
 - solucionBL[7] = 11.294114112854004
 - solucionBL[8] = -23.74079704284668
 - solucionBL[9] = -3.0513339042663574

