INICIO EJECUCION: Algoritmo BUSQUEDA LOCAL
 - Funcion: michalewicz
Coste Final BUSQUEDA LOCAL: -2.370941702174647
Tiempo de Ejecucion: 39300 ns
Numero de iteraciones 5
Solucion BUSQUEDA LOCAL:
 - solucionBL[0] = 9.051573753356934
 - solucionBL[1] = 1.0992968082427979
 - solucionBL[2] = 5.493272304534912
 - solucionBL[3] = 0.9153297543525696
 - solucionBL[4] = 8.536179542541504
 - solucionBL[5] = 6.216155529022217
 - solucionBL[6] = 7.303380489349365
 - solucionBL[7] = 6.386847019195557
 - solucionBL[8] = 1.7916085720062256
 - solucionBL[9] = 5.043659210205078

