INICIO EJECUCION: Algoritmo BUSQUEDA LOCAL
 - Funcion: perm
Coste Final BUSQUEDA LOCAL: 4.6251751115873274E17
Tiempo de Ejecucion: 15945400 ns
Numero de iteraciones 167
Solucion BUSQUEDA LOCAL:
 - solucionBL[0] = -4.353665351867676
 - solucionBL[1] = -4.508249759674072
 - solucionBL[2] = -4.621885299682617
 - solucionBL[3] = 4.277339458465576
 - solucionBL[4] = 4.79131555557251
 - solucionBL[5] = 4.128448963165283
 - solucionBL[6] = -0.5098767876625061
 - solucionBL[7] = 5.085307598114014
 - solucionBL[8] = -4.9766645431518555
 - solucionBL[9] = 3.9873173236846924

