INICIO EJECUCION: Algoritmo BUSQUEDA LOCAL
 - Funcion: rotated
Coste Final BUSQUEDA LOCAL: 4.4543509413319666E85
Tiempo de Ejecucion: 6900 ns
Numero de iteraciones 3
Solucion BUSQUEDA LOCAL:
 - solucionBL[0] = -4382.6943359375
 - solucionBL[1] = -52462.5625
 - solucionBL[2] = -31362.529296875
 - solucionBL[3] = -54572.8203125
 - solucionBL[4] = -4972.021484375
 - solucionBL[5] = -22314.4453125
 - solucionBL[6] = -16176.8359375
 - solucionBL[7] = -23207.0
 - solucionBL[8] = -55556.59375
 - solucionBL[9] = -33615.97265625

