INICIO EJECUCION: Algoritmo BUSQUEDA LOCAL
 - Funcion: michalewicz
Coste Final BUSQUEDA LOCAL: -2.4055765577511243
Tiempo de Ejecucion: 0 ms
Numero de iteraciones 3
Solucion BUSQUEDA LOCAL:
 - solucionBL[0] = 0.290039598941803
 - solucionBL[1] = 8.581537246704102
 - solucionBL[2] = 0.8165330290794373
 - solucionBL[3] = 4.758864402770996
 - solucionBL[4] = 1.20438814163208
 - solucionBL[5] = 4.576923370361328
 - solucionBL[6] = 6.046989917755127
 - solucionBL[7] = 3.6699090003967285
 - solucionBL[8] = 2.1611549854278564
 - solucionBL[9] = 8.989141464233398

