INICIO EJECUCION: Algoritmo BUSQUEDA LOCAL
 - Funcion: rotated
Coste Final BUSQUEDA LOCAL: 1.3210605370053816E85
Tiempo de Ejecucion: 0 ms
Numero de iteraciones 8
Solucion BUSQUEDA LOCAL:
 - solucionBL[0] = -46212.15625
 - solucionBL[1] = -12585.8681640625
 - solucionBL[2] = -591.0960083007812
 - solucionBL[3] = -6639.42529296875
 - solucionBL[4] = -22259.85546875
 - solucionBL[5] = -14610.9384765625
 - solucionBL[6] = -5245.2802734375
 - solucionBL[7] = -9363.8720703125
 - solucionBL[8] = -53127.1640625
 - solucionBL[9] = -16923.556640625

