INICIO EJECUCION: Algoritmo BUSQUEDA LOCAL
 - Funcion: dixon
Coste Final BUSQUEDA LOCAL: 2.7201711767483938E13
Tiempo de Ejecucion: 14400 ns
Numero de iteraciones 16
Solucion BUSQUEDA LOCAL:
 - solucionBL[0] = -74.0103988647461
 - solucionBL[1] = 717.5125732421875
 - solucionBL[2] = -8.45816707611084
 - solucionBL[3] = 395.89141845703125
 - solucionBL[4] = 28.839616775512695
 - solucionBL[5] = 405.5947570800781
 - solucionBL[6] = 459.5639953613281
 - solucionBL[7] = 363.780029296875
 - solucionBL[8] = 160.724365234375
 - solucionBL[9] = 551.274169921875

