INICIO EJECUCION: Algoritmo BUSQUEDA LOCAL
 - Funcion: ackley
Coste Final BUSQUEDA LOCAL: 21.601645468676764
Tiempo de Ejecucion: 14500 ns
Numero de iteraciones 1
Solucion BUSQUEDA LOCAL:
 - solucionBL[0] = -30867.197265625
 - solucionBL[1] = 25588.41015625
 - solucionBL[2] = -27416.76953125
 - solucionBL[3] = -1580.306640625
 - solucionBL[4] = -24874.921875
 - solucionBL[5] = -3954.765625
 - solucionBL[6] = 3537.703125
 - solucionBL[7] = -8716.884765625
 - solucionBL[8] = -18604.654296875
 - solucionBL[9] = 32360.03515625

