INICIO EJECUCION: Algoritmo BUSQUEDA LOCAL
 - Funcion: perm
Coste Final BUSQUEDA LOCAL: 1.1564962353412021E12
Tiempo de Ejecucion: 18 ms
Numero de iteraciones 170
Solucion BUSQUEDA LOCAL:
 - solucionBL[0] = 2.5651445388793945
 - solucionBL[1] = 2.6673593521118164
 - solucionBL[2] = 2.293670177459717
 - solucionBL[3] = -1.156373381614685
 - solucionBL[4] = 1.903501272201538
 - solucionBL[5] = 2.49242901802063
 - solucionBL[6] = -2.5540354251861572
 - solucionBL[7] = 2.3973305225372314
 - solucionBL[8] = -0.5647444725036621
 - solucionBL[9] = 2.4457383155822754

