INICIO EJECUCION: Algoritmo BUSQUEDA LOCAL
 - Funcion: trid
Coste Final BUSQUEDA LOCAL: 881814.2443059012
Tiempo de Ejecucion: 6600 ns
Numero de iteraciones 5
Solucion BUSQUEDA LOCAL:
 - solucionBL[0] = -89.15545654296875
 - solucionBL[1] = -825.1096801757812
 - solucionBL[2] = -491.5222473144531
 - solucionBL[3] = -779.0352783203125
 - solucionBL[4] = -99.86550903320312
 - solucionBL[5] = -368.7806396484375
 - solucionBL[6] = -265.07318115234375
 - solucionBL[7] = -369.7479248046875
 - solucionBL[8] = -742.2709350585938
 - solucionBL[9] = -498.4449462890625

