INICIO EJECUCION: Algoritmo BUSQUEDA LOCAL
 - Funcion: rosenbrock
Coste Final BUSQUEDA LOCAL: 7.501064112796458E20
Tiempo de Ejecucion: 32900 ns
Numero de iteraciones 25
Solucion BUSQUEDA LOCAL:
 - solucionBL[0] = 35789.0625
 - solucionBL[1] = 5335.1328125
 - solucionBL[2] = 31068.978515625
 - solucionBL[3] = 6058.70458984375
 - solucionBL[4] = 28054.962890625
 - solucionBL[5] = 35214.3046875
 - solucionBL[6] = 36568.59375
 - solucionBL[7] = 31343.134765625
 - solucionBL[8] = 11291.376953125
 - solucionBL[9] = 30318.388671875

