INICIO EJECUCION: Algoritmo BUSQUEDA LOCAL
 - Funcion: rastringin
Coste Final BUSQUEDA LOCAL: 1098.2300230040305
Tiempo de Ejecucion: 1 ms
Numero de iteraciones 57
Solucion BUSQUEDA LOCAL:
 - solucionBL[0] = -10.175743103027344
 - solucionBL[1] = -12.843439102172852
 - solucionBL[2] = -11.949509620666504
 - solucionBL[3] = 10.925008773803711
 - solucionBL[4] = 7.116548538208008
 - solucionBL[5] = 11.754312515258789
 - solucionBL[6] = -0.33913570642471313
 - solucionBL[7] = 11.204657554626465
 - solucionBL[8] = -12.222238540649414
 - solucionBL[9] = 7.00785493850708

