INICIO EJECUCION: Algoritmo BUSQUEDA LOCAL
 - Funcion: trid
Coste Final BUSQUEDA LOCAL: 293131.7809947096
Tiempo de Ejecucion: 0 ms
Numero de iteraciones 27
Solucion BUSQUEDA LOCAL:
 - solucionBL[0] = -513.2184448242188
 - solucionBL[1] = -596.2749633789062
 - solucionBL[2] = -509.8880310058594
 - solucionBL[3] = -397.9297790527344
 - solucionBL[4] = -341.77984619140625
 - solucionBL[5] = -237.12008666992188
 - solucionBL[6] = -323.8261413574219
 - solucionBL[7] = -50.891571044921875
 - solucionBL[8] = -362.4391784667969
 - solucionBL[9] = -287.5452880859375

