INICIO EJECUCION: Algoritmo BUSQUEDA LOCAL
 - Funcion: dixon
Coste Final BUSQUEDA LOCAL: 1.3458404302994823E10
Tiempo de Ejecucion: 1 ms
Numero de iteraciones 133
Solucion BUSQUEDA LOCAL:
 - solucionBL[0] = 551.3452758789062
 - solucionBL[1] = 106.77735137939453
 - solucionBL[2] = 78.8369369506836
 - solucionBL[3] = 80.4243392944336
 - solucionBL[4] = 70.80318450927734
 - solucionBL[5] = 70.9727554321289
 - solucionBL[6] = 48.63546371459961
 - solucionBL[7] = 59.41505813598633
 - solucionBL[8] = 58.9836540222168
 - solucionBL[9] = 53.2327766418457

