INICIO EJECUCION: Algoritmo BUSQUEDA LOCAL
 - Funcion: griewank
Coste Final BUSQUEDA LOCAL: 3.3344543825089508
Tiempo de Ejecucion: 4 ms
Numero de iteraciones 167
Solucion BUSQUEDA LOCAL:
 - solucionBL[0] = -26.71567153930664
 - solucionBL[1] = -30.215320587158203
 - solucionBL[2] = -31.70121192932129
 - solucionBL[3] = 24.86952781677246
 - solucionBL[4] = 36.139404296875
 - solucionBL[5] = 30.943159103393555
 - solucionBL[6] = -6.673633098602295
 - solucionBL[7] = 44.37856674194336
 - solucionBL[8] = -34.344749450683594
 - solucionBL[9] = 25.130887985229492

