INICIO EJECUCION: Algoritmo BUSQUEDA LOCAL
 - Funcion: rastringin
Coste Final BUSQUEDA LOCAL: 755.800791682736
Tiempo de Ejecucion: 1 ms
Numero de iteraciones 38
Solucion BUSQUEDA LOCAL:
 - solucionBL[0] = 4.456212997436523
 - solucionBL[1] = 16.055315017700195
 - solucionBL[2] = 7.986788749694824
 - solucionBL[3] = -0.8776835799217224
 - solucionBL[4] = 0.8686642646789551
 - solucionBL[5] = 9.090418815612793
 - solucionBL[6] = -11.06772518157959
 - solucionBL[7] = 6.1938982009887695
 - solucionBL[8] = -0.26982784271240234
 - solucionBL[9] = 11.053812026977539

