INICIO EJECUCION: Algoritmo BUSQUEDA LOCAL
 - Funcion: griewank
Coste Final BUSQUEDA LOCAL: 1.1971094619048541
Tiempo de Ejecucion: 3058100 ns
Numero de iteraciones 180
Solucion BUSQUEDA LOCAL:
 - solucionBL[0] = 18.777318954467773
 - solucionBL[1] = 17.21209144592285
 - solucionBL[2] = 16.3741397857666
 - solucionBL[3] = -5.46859884262085
 - solucionBL[4] = 13.424205780029297
 - solucionBL[5] = 14.313234329223633
 - solucionBL[6] = -15.479578971862793
 - solucionBL[7] = 17.46611976623535
 - solucionBL[8] = -2.927459716796875
 - solucionBL[9] = 19.53509521484375

