INICIO EJECUCION: Algoritmo BUSQUEDA LOCAL
 - Funcion: rosenbrock
Coste Final BUSQUEDA LOCAL: 1.1507093759908467E21
Tiempo de Ejecucion: 16000 ns
Numero de iteraciones 8
Solucion BUSQUEDA LOCAL:
 - solucionBL[0] = 4137.05029296875
 - solucionBL[1] = 18528.34765625
 - solucionBL[2] = 1485.5576171875
 - solucionBL[3] = 39666.046875
 - solucionBL[4] = 28363.037109375
 - solucionBL[5] = 42997.01953125
 - solucionBL[6] = 31880.5859375
 - solucionBL[7] = 44152.70703125
 - solucionBL[8] = 11133.4990234375
 - solucionBL[9] = 35780.5234375

