INICIO EJECUCION: Algoritmo Diferencial  
MEJOR COSTE: 1877.4814670204241MEJOR CROMOSOMA:
- cromosoma[0] = 35.45068359375
- cromosoma[1] = 403.9290771484375
- cromosoma[2] = 67.89763979129876
- cromosoma[3] = -296.30416049024893
- cromosoma[4] = 205.73045807484252
- cromosoma[5] = -302.7973386832134
- cromosoma[6] = -289.35577610906995
- cromosoma[7] = 190.95346122242515
- cromosoma[8] = 201.50927259349797
- cromosoma[9] = 422.5099501547459
Tiempo de Ejecucion: 10 ms

