INICIO EJECUCION: Algoritmo Diferencial  
MEJOR COSTE: 93.96254494455698
MEJOR CROMOSOMA:
- cromosoma[0] = -483.8137469719037
- cromosoma[1] = -212.73101463012551
- cromosoma[2] = 127.82678439979642
- cromosoma[3] = 164.63748960076552
- cromosoma[4] = 166.9417318942757
- cromosoma[5] = -34.99436370662887
- cromosoma[6] = 82.95462458228576
- cromosoma[7] = 37.44914746302819
- cromosoma[8] = -85.02482561769564
- cromosoma[9] = -66.8730742437473
Tiempo de Ejecucion: 12 ms

