INICIO EJECUCION: Algoritmo Diferencial  
MEJOR COSTE: 310978.36097999196
MEJOR CROMOSOMA:
- cromosoma[0] = 592.4583281213686
- cromosoma[1] = 859.1976134895344
- cromosoma[2] = 763.8302765647957
- cromosoma[3] = 699.8382417850369
- cromosoma[4] = 459.81645825532513
- cromosoma[5] = 462.73674592758186
- cromosoma[6] = 189.51228722129247
- cromosoma[7] = -57.82407234574458
- cromosoma[8] = -69.46951611717799
- cromosoma[9] = 21.30638359652083
Tiempo de Ejecucion: 6 ms

