INICIO EJECUCION: Algoritmo Diferencial  
MEJOR COSTE: 2.7478704153123236E8MEJOR CROMOSOMA:
- cromosoma[0] = -84.91552354530512
- cromosoma[1] = -37.67910547170029
- cromosoma[2] = 25.2458517673165
- cromosoma[3] = -26.52837398911668
- cromosoma[4] = 12.48662094309975
- cromosoma[5] = 10.98451972830734
- cromosoma[6] = -4.64888376699944
- cromosoma[7] = -5.616922389193514
- cromosoma[8] = 4.297768510274258
- cromosoma[9] = 34.42303260347465
Tiempo de Ejecucion: 6 ms

