INICIO EJECUCION: Algoritmo Diferencial  
Funcion: rotated
MEJOR COSTE: 5.450861593539473E56
MEJOR CROMOSOMA:
- cromosoma[0] = -0.015246115031426064
- cromosoma[1] = 33.01823516678451
- cromosoma[2] = -1063.5612916933276
- cromosoma[3] = 467.3705401274205
- cromosoma[4] = 291.8202118076339
- cromosoma[5] = 948.9786687916936
- cromosoma[6] = 65536.0
- cromosoma[7] = 17621.973333945083
- cromosoma[8] = -17553.48310869963
- cromosoma[9] = 51892.178847974545
Tiempo de Ejecucion: 9 ms

