INICIO EJECUCION: Algoritmo Diferencial  
MEJOR COSTE: 38882.47962548546
MEJOR CROMOSOMA:
- cromosoma[0] = -2.004463715139621
- cromosoma[1] = 0.7767954681175572
- cromosoma[2] = -3.3932526792593984
- cromosoma[3] = 2.4766014801954133
- cromosoma[4] = -0.23743182694298298
- cromosoma[5] = -0.08819025853328286
- cromosoma[6] = -0.4734346823062229
- cromosoma[7] = -4.255458457571743
- cromosoma[8] = 3.5808519473996214
- cromosoma[9] = 9.9943558426459
Tiempo de Ejecucion: 6 ms

