INICIO EJECUCION: Algoritmo Diferencial  
MEJOR COSTE: 1.3458532541420576E8
MEJOR CROMOSOMA:
- cromosoma[0] = 68.70497271864309
- cromosoma[1] = -48.153665462606575
- cromosoma[2] = -27.17926368665962
- cromosoma[3] = -16.41477689756381
- cromosoma[4] = 13.933160035830486
- cromosoma[5] = 2.182359399165717
- cromosoma[6] = -9.460626057572444
- cromosoma[7] = -18.480649040762646
- cromosoma[8] = 2.261045451638523
- cromosoma[9] = 16.860638596455907
Tiempo de Ejecucion: 7 ms

