INICIO EJECUCION: Algoritmo Diferencial  
MEJOR COSTE: 20.00793526911496MEJOR CROMOSOMA:
- cromosoma[0] = 32768.0
- cromosoma[1] = 32768.0
- cromosoma[2] = -32768.0
- cromosoma[3] = 32768.0
- cromosoma[4] = 32768.0
- cromosoma[5] = -3916.0030768567995
- cromosoma[6] = 11569.999242735288
- cromosoma[7] = 32768.0
- cromosoma[8] = 32768.0
- cromosoma[9] = 2635.9615527307014
Tiempo de Ejecucion: 9 ms

