INICIO EJECUCION: Algoritmo Diferencial  
MEJOR COSTE: 2.0602515796467696E32
MEJOR CROMOSOMA:
- cromosoma[0] = 13.087410964338515
- cromosoma[1] = 17.00858059684206
- cromosoma[2] = 24.7875649002831
- cromosoma[3] = -30.00493764720676
- cromosoma[4] = 23.798573650730287
- cromosoma[5] = -11.202962920456244
- cromosoma[6] = -27.158950260829513
- cromosoma[7] = -7.3406019938747615
- cromosoma[8] = -4.317721163545499
- cromosoma[9] = 20.905804180167298
Tiempo de Ejecucion: 79 ms

