INICIO EJECUCION: Algoritmo Diferencial  
Funcion: rotated
MEJOR COSTE: 1.5287250884020495E66
MEJOR CROMOSOMA:
- cromosoma[0] = 0.07900115655588605
- cromosoma[1] = -9079.039338366225
- cromosoma[2] = 1217.5489288226076
- cromosoma[3] = -1994.373136296135
- cromosoma[4] = -5002.572002810266
- cromosoma[5] = 1981.2056854426933
- cromosoma[6] = 6260.749721846832
- cromosoma[7] = 10494.22269041214
- cromosoma[8] = -65536.0
- cromosoma[9] = -16115.857429956139
Tiempo de Ejecucion: 6 ms

