INICIO EJECUCION: Algoritmo Diferencial  
MEJOR COSTE: 5.072849527664538E72
MEJOR CROMOSOMA:
- cromosoma[0] = -0.22922743633837758
- cromosoma[1] = -4600.224246404756
- cromosoma[2] = -2785.6126288077203
- cromosoma[3] = 50978.061340872424
- cromosoma[4] = -399.2321062335508
- cromosoma[5] = -50578.93416313571
- cromosoma[6] = 58.008077425615525
- cromosoma[7] = -20836.43008161797
- cromosoma[8] = 43865.36350340933
- cromosoma[9] = 64699.12891094996
Tiempo de Ejecucion: 7 ms

