INICIO EJECUCION: Algoritmo Diferencial  
Funcion: michalewicz
MEJOR COSTE: -5.909743348850505
MEJOR CROMOSOMA:
- cromosoma[0] = 6.283100128173828
- cromosoma[1] = 2.23984239694118
- cromosoma[2] = 2.073265498500982
- cromosoma[3] = 2.3798104137654588
- cromosoma[4] = 2.8201186490962655
- cromosoma[5] = 0.7164200659223118
- cromosoma[6] = 1.806571902126079
- cromosoma[7] = 0.12623120015564265
- cromosoma[8] = 1.901822937418384
- cromosoma[9] = 2.254779307594425
Tiempo de Ejecucion: 15 ms

