INICIO EJECUCION: Algoritmo Diferencial  
MEJOR COSTE: 3.0438159633791375E8
MEJOR CROMOSOMA:
- cromosoma[0] = 1.3471870508765518
- cromosoma[1] = -47.93736146108995
- cromosoma[2] = 22.28290525051288
- cromosoma[3] = -24.79904128439552
- cromosoma[4] = 33.82994427824407
- cromosoma[5] = -31.57616503070122
- cromosoma[6] = -23.059232104746005
- cromosoma[7] = 12.413181524520109
- cromosoma[8] = -4.102650151584847
- cromosoma[9] = 4.15760527195478
Tiempo de Ejecucion: 5 ms

