INICIO EJECUCION: Algoritmo Diferencial  
MEJOR COSTE: 20.120854020554404
MEJOR CROMOSOMA:
- cromosoma[0] = 32768.0
- cromosoma[1] = -32768.0
- cromosoma[2] = 920.9144936258938
- cromosoma[3] = -32768.0
- cromosoma[4] = 31116.109375
- cromosoma[5] = -17717.06675157352
- cromosoma[6] = -32768.0
- cromosoma[7] = -32768.0
- cromosoma[8] = 14981.003399090585
- cromosoma[9] = 24760.9992100736
Tiempo de Ejecucion: 11 ms

