INICIO EJECUCION: Algoritmo Diferencial  
MEJOR COSTE: 2.040419905257556E31
MEJOR CROMOSOMA:
- cromosoma[0] = 28.39355884072423
- cromosoma[1] = 18.5490770576277
- cromosoma[2] = 3.186513833655654
- cromosoma[3] = 10.601043605547229
- cromosoma[4] = -19.580034377224653
- cromosoma[5] = 21.815683750079256
- cromosoma[6] = -2.4523447643506926
- cromosoma[7] = -14.082056405836626
- cromosoma[8] = -19.944702980544953
- cromosoma[9] = -11.801385271059385
Tiempo de Ejecucion: 89 ms

