INICIO EJECUCION: Algoritmo Diferencial  
Funcion: schewefel
MEJOR COSTE: 1589.9623441977938
MEJOR CROMOSOMA:
- cromosoma[0] = -500.0
- cromosoma[1] = 421.22377285323444
- cromosoma[2] = -125.48009519622182
- cromosoma[3] = 415.87304230675085
- cromosoma[4] = -500.0
- cromosoma[5] = -302.14257956002
- cromosoma[6] = 207.07258915535553
- cromosoma[7] = -500.0
- cromosoma[8] = -500.0
- cromosoma[9] = 421.03680521106025
Tiempo de Ejecucion: 12 ms

