INICIO EJECUCION: Algoritmo Diferencial  
Funcion: rotated
MEJOR COSTE: 1.437069807755374E71
MEJOR CROMOSOMA:
- cromosoma[0] = 0.3026023385224407
- cromosoma[1] = -5549.567670596691
- cromosoma[2] = 12651.15540519895
- cromosoma[3] = -27521.003886208215
- cromosoma[4] = 24865.700900646847
- cromosoma[5] = 31.007869992709573
- cromosoma[6] = -18116.751466372123
- cromosoma[7] = 18148.421243815767
- cromosoma[8] = 7731.09588575667
- cromosoma[9] = 62621.68424402036
Tiempo de Ejecucion: 7 ms

