INICIO EJECUCION: Algoritmo Diferencial  
MEJOR COSTE: 231244.49462815002
MEJOR CROMOSOMA:
- cromosoma[0] = -157.66418889057752
- cromosoma[1] = -482.89668082402915
- cromosoma[2] = -442.551876305422
- cromosoma[3] = -495.0526217380566
- cromosoma[4] = -600.836314782537
- cromosoma[5] = -693.0470230709839
- cromosoma[6] = -735.984518232204
- cromosoma[7] = -798.633072502673
- cromosoma[8] = -729.0122556483914
- cromosoma[9] = -432.1140059589596
Tiempo de Ejecucion: 6 ms

