INICIO EJECUCION: Algoritmo Diferencial  
Funcion: michalewicz
MEJOR COSTE: -4.655639229685372
MEJOR CROMOSOMA:
- cromosoma[0] = 0.8070119237044261
- cromosoma[1] = 6.283100128173828
- cromosoma[2] = 6.269872835785297
- cromosoma[3] = 6.283100128173828
- cromosoma[4] = 1.9022355340015165
- cromosoma[5] = 1.2102564053502178
- cromosoma[6] = 4.836568083084714
- cromosoma[7] = 1.8857452736284337
- cromosoma[8] = 1.8496649833970111
- cromosoma[9] = 1.4510288292136808
Tiempo de Ejecucion: 14 ms

