INICIO EJECUCION: Algoritmo Diferencial  
MEJOR COSTE: 1186.311099765031
MEJOR CROMOSOMA:
- cromosoma[0] = 413.7521544565978
- cromosoma[1] = -314.92861122816197
- cromosoma[2] = -285.03501268589827
- cromosoma[3] = 421.2936967064779
- cromosoma[4] = -305.54096484181383
- cromosoma[5] = -500.0
- cromosoma[6] = 193.4468598134631
- cromosoma[7] = 418.72276167631173
- cromosoma[8] = 419.33503434353463
- cromosoma[9] = -126.35876861417188
Tiempo de Ejecucion: 10 ms

