INICIO EJECUCION: Algoritmo Diferencial  
MEJOR COSTE: 90269.02115511731MEJOR CROMOSOMA:
- cromosoma[0] = -235.47270958273882
- cromosoma[1] = -314.2248284649236
- cromosoma[2] = -276.5155538719558
- cromosoma[3] = -188.42875784281955
- cromosoma[4] = -187.99237975998983
- cromosoma[5] = -128.42583643037227
- cromosoma[6] = 43.7685444852188
- cromosoma[7] = 52.4169318253054
- cromosoma[8] = -178.3990311158838
- cromosoma[9] = -63.53775648926075
Tiempo de Ejecucion: 5 ms

