INICIO EJECUCION: Algoritmo Diferencial  
Funcion: rosenbrock
MEJOR COSTE: 18694.129571448753
MEJOR CROMOSOMA:
- cromosoma[0] = -0.9320885586818611
- cromosoma[1] = -0.5280220124060446
- cromosoma[2] = -3.6419645071248983
- cromosoma[3] = 2.983884971348419
- cromosoma[4] = 2.444891727548954
- cromosoma[5] = 1.565794953355789
- cromosoma[6] = 1.1850482430864187
- cromosoma[7] = 1.2697274596144101
- cromosoma[8] = 1.191664495421027
- cromosoma[9] = 0.6321100710015382
Tiempo de Ejecucion: 7 ms

