INICIO EJECUCION: Algoritmo Diferencial  
MEJOR COSTE: 917.1022805766183
MEJOR CROMOSOMA:
- cromosoma[0] = 2.7265841372723023
- cromosoma[1] = -21.811443722742684
- cromosoma[2] = 10.685901748092425
- cromosoma[3] = -1.9819476800825087
- cromosoma[4] = 13.932628747170428
- cromosoma[5] = -0.9760791927419438
- cromosoma[6] = 0.981991836698585
- cromosoma[7] = 4.985442341632819
- cromosoma[8] = -1.9355517226282473
- cromosoma[9] = 7.184017974596189
Tiempo de Ejecucion: 9 ms

