INICIO EJECUCION: Algoritmo Diferencial  
MEJOR COSTE: 20.020568174083554
MEJOR CROMOSOMA:
- cromosoma[0] = -27782.93964502841
- cromosoma[1] = -32768.0
- cromosoma[2] = 32768.0
- cromosoma[3] = 32768.0
- cromosoma[4] = -32768.0
- cromosoma[5] = 7746.984226871816
- cromosoma[6] = 32768.0
- cromosoma[7] = -32768.0
- cromosoma[8] = 32768.0
- cromosoma[9] = 32768.0
Tiempo de Ejecucion: 12 ms

