INICIO EJECUCION: Algoritmo Diferencial  
Funcion: dixon
MEJOR COSTE: 2.0260869099169332E8
MEJOR CROMOSOMA:
- cromosoma[0] = -99.9600485816769
- cromosoma[1] = -25.818450291920485
- cromosoma[2] = -7.233536758364654
- cromosoma[3] = -3.614738848808124
- cromosoma[4] = 36.65727091455692
- cromosoma[5] = -14.227187872859218
- cromosoma[6] = 6.007900530317449
- cromosoma[7] = -17.326165600719808
- cromosoma[8] = -25.874353840455175
- cromosoma[9] = -15.071725886645659
Tiempo de Ejecucion: 9 ms

