INICIO EJECUCION: Algoritmo Diferencial  
MEJOR COSTE: -5.9200094252351985
MEJOR CROMOSOMA:
- cromosoma[0] = 0.27580017222828074
- cromosoma[1] = 2.070133793395077
- cromosoma[2] = 2.3817591400661446
- cromosoma[3] = 0.9567880419722623
- cromosoma[4] = 1.272323166873189
- cromosoma[5] = 2.359164132147484
- cromosoma[6] = 1.4422351650135796
- cromosoma[7] = 6.283100128173828
- cromosoma[8] = 1.6746082165225202
- cromosoma[9] = 6.283100128173828
Tiempo de Ejecucion: 13 ms

