INICIO EJECUCION: Algoritmo Diferencial  
MEJOR COSTE: 1248.0969589065953
MEJOR CROMOSOMA:
- cromosoma[0] = 402.062255859375
- cromosoma[1] = -302.7381889035695
- cromosoma[2] = -302.4575665773944
- cromosoma[3] = -309.0104767426639
- cromosoma[4] = 219.50897216796875
- cromosoma[5] = 420.95835888641255
- cromosoma[6] = -500.0
- cromosoma[7] = 422.0257632341312
- cromosoma[8] = -500.0
- cromosoma[9] = -302.5237528133501
Tiempo de Ejecucion: 10 ms

