INICIO EJECUCION: Algoritmo Diferencial  
MEJOR COSTE: 109.56346566106775MEJOR CROMOSOMA:
- cromosoma[0] = -285.47057024693686
- cromosoma[1] = 71.01671973392214
- cromosoma[2] = -344.7695631948707
- cromosoma[3] = -222.25007464875702
- cromosoma[4] = -21.79993333518053
- cromosoma[5] = -273.3641784007251
- cromosoma[6] = -9.641243366715393
- cromosoma[7] = -1.8420262836034018
- cromosoma[8] = -304.577396546891
- cromosoma[9] = -106.7719731756908
Tiempo de Ejecucion: 10 ms

