INICIO EJECUCION: Algoritmo Evolutivo  
 - Cruce usado : MEDIA
MEJOR COSTE: 2.2935970071597154E40
MEJOR CROMOSOMA:
- cromosoma[0] = -72.84248924255371
- cromosoma[1] = -27.877670288085938
- cromosoma[2] = 12.227657318115234
- cromosoma[3] = -11.601940155029297
- cromosoma[4] = 20.339439392089844
- cromosoma[5] = 26.4541015625
- cromosoma[6] = 75.66969299316406
- cromosoma[7] = 15.931194305419922
- cromosoma[8] = 15.535667419433594
- cromosoma[9] = 43.97889709472656
Tiempo de Ejecucion: 75 ms

