INICIO EJECUCION: Algoritmo Evolutivo  
 - Cruce usado : MEDIA
MEJOR COSTE: 3.9060913424303384E9
MEJOR CROMOSOMA:
- cromosoma[0] = -96.47793579101562
- cromosoma[1] = -67.66258239746094
- cromosoma[2] = 62.32598876953125
- cromosoma[3] = -17.08087158203125
- cromosoma[4] = -63.41913604736328
- cromosoma[5] = -26.786956787109375
- cromosoma[6] = 10.050521850585938
- cromosoma[7] = -64.9765625
- cromosoma[8] = -7.457489013671875
- cromosoma[9] = -5.314277648925781
Tiempo de Ejecucion: 1 ms

