INICIO EJECUCION: Algoritmo Evolutivo  
Funcion: rastringin
 - Cruce usado : MEDIA
MEJOR COSTE: 1327.9422548053763
MEJOR CROMOSOMA:
- cromosoma[0] = 3.8460559844970703
- cromosoma[1] = -6.159141540527344
- cromosoma[2] = -20.449338912963867
- cromosoma[3] = 0.584228515625
- cromosoma[4] = 0.3157958984375
- cromosoma[5] = 3.822826385498047
- cromosoma[6] = 5.1034393310546875
- cromosoma[7] = -3.7847976684570312
- cromosoma[8] = -17.519739151000977
- cromosoma[9] = -19.935274124145508
Tiempo de Ejecucion: 9 ms

