INICIO EJECUCION: Algoritmo Evolutivo  
 - Cruce usado : MEDIA
MEJOR COSTE: 2310.1628347264405MEJOR CROMOSOMA:
- cromosoma[0] = -306.7254638671875
- cromosoma[1] = 355.3108215332031
- cromosoma[2] = -309.39764404296875
- cromosoma[3] = 389.342529296875
- cromosoma[4] = 102.36050415039062
- cromosoma[5] = 207.88307189941406
- cromosoma[6] = 381.90838623046875
- cromosoma[7] = 424.9490966796875
- cromosoma[8] = -355.5487060546875
- cromosoma[9] = 212.10073852539062
Tiempo de Ejecucion: 6 ms

