INICIO EJECUCION: Algoritmo Evolutivo  
 - Cruce usado : BLX
MEJOR COSTE: 37712.720390767005MEJOR CROMOSOMA:
- cromosoma[0] = 0.9891963005065918
- cromosoma[1] = -1.5083045959472656
- cromosoma[2] = -2.7687792778015137
- cromosoma[3] = 2.2255825996398926
- cromosoma[4] = -2.825946092605591
- cromosoma[5] = 1.0414025783538818
- cromosoma[6] = 3.335564136505127
- cromosoma[7] = -1.7783474922180176
- cromosoma[8] = -2.6104774475097656
- cromosoma[9] = 5.543253421783447
Tiempo de Ejecucion: 2 ms

