INICIO EJECUCION: Algoritmo Evolutivo  
 - Cruce usado : BLX
MEJOR COSTE: 193878.24995770265
MEJOR CROMOSOMA:
- cromosoma[0] = -1.7069501876831055
- cromosoma[1] = 5.566463470458984
- cromosoma[2] = -0.47190332412719727
- cromosoma[3] = 1.9444284439086914
- cromosoma[4] = 3.989245653152466
- cromosoma[5] = 2.9293899536132812
- cromosoma[6] = -4.320879936218262
- cromosoma[7] = -2.67899227142334
- cromosoma[8] = -3.412527561187744
- cromosoma[9] = 5.718349933624268
Tiempo de Ejecucion: 2 ms

