INICIO EJECUCION: Algoritmo Evolutivo  
Funcion: schewefel
 - Cruce usado : MEDIA
MEJOR COSTE: 2823.1942583761274
MEJOR CROMOSOMA:
- cromosoma[0] = -318.21868896484375
- cromosoma[1] = 266.44384765625
- cromosoma[2] = 462.63104248046875
- cromosoma[3] = 377.7918701171875
- cromosoma[4] = 103.07177734375
- cromosoma[5] = 218.3033447265625
- cromosoma[6] = 382.1744384765625
- cromosoma[7] = -490.86029052734375
- cromosoma[8] = 457.56243896484375
- cromosoma[9] = 227.125732421875
Tiempo de Ejecucion: 6 ms

