INICIO EJECUCION: Algoritmo Evolutivo  
 - Cruce usado : MEDIA
MEJOR COSTE: 315202.999428894
MEJOR CROMOSOMA:
- cromosoma[0] = 6.82882022857666
- cromosoma[1] = -0.9724330902099609
- cromosoma[2] = 2.706022262573242
- cromosoma[3] = 4.988031387329102
- cromosoma[4] = 0.5739870071411133
- cromosoma[5] = -1.4483566284179688
- cromosoma[6] = -3.8560261726379395
- cromosoma[7] = -0.10094594955444336
- cromosoma[8] = -0.9014401435852051
- cromosoma[9] = 5.499872207641602
Tiempo de Ejecucion: 1 ms

