INICIO EJECUCION: Algoritmo Evolutivo  
 - Cruce usado : BLX
MEJOR COSTE: 2.2433852071026444E9MEJOR CROMOSOMA:
- cromosoma[0] = -95.3794937133789
- cromosoma[1] = -49.38309860229492
- cromosoma[2] = -38.011146545410156
- cromosoma[3] = 44.675392150878906
- cromosoma[4] = 51.54897689819336
- cromosoma[5] = 63.92542266845703
- cromosoma[6] = 31.369338989257812
- cromosoma[7] = -7.6350860595703125
- cromosoma[8] = -19.698516845703125
- cromosoma[9] = -1.0489959716796875
Tiempo de Ejecucion: 1 ms

