INICIO EJECUCION: Algoritmo Evolutivo  
 - Cruce usado : BLX
MEJOR COSTE: 20.587139062698828
MEJOR CROMOSOMA:
- cromosoma[0] = 8047.951171875
- cromosoma[1] = -20686.16015625
- cromosoma[2] = 9177.892578125
- cromosoma[3] = 14801.89453125
- cromosoma[4] = 14749.9453125
- cromosoma[5] = -2141.1640625
- cromosoma[6] = -13997.0458984375
- cromosoma[7] = -24573.060546875
- cromosoma[8] = 5671.1708984375
- cromosoma[9] = 22670.87109375
Tiempo de Ejecucion: 13 ms

