INICIO EJECUCION: Algoritmo Evolutivo  
 - Cruce usado : BLX
MEJOR COSTE: 4526.13167663088
MEJOR CROMOSOMA:
- cromosoma[0] = -29.692182540893555
- cromosoma[1] = 31.58289337158203
- cromosoma[2] = 9.40047836303711
- cromosoma[3] = -0.13858413696289062
- cromosoma[4] = 10.489913940429688
- cromosoma[5] = 13.465633392333984
- cromosoma[6] = 37.91709518432617
- cromosoma[7] = 11.740161895751953
- cromosoma[8] = -11.119876861572266
- cromosoma[9] = 21.233230590820312
Tiempo de Ejecucion: 8 ms

