INICIO EJECUCION: Algoritmo Evolutivo  
Funcion: rastringin
 - Cruce usado : MEDIA
MEJOR COSTE: 4192.758686949015
MEJOR CROMOSOMA:
- cromosoma[0] = -37.23707962036133
- cromosoma[1] = -14.25106430053711
- cromosoma[2] = 6.250776290893555
- cromosoma[3] = -5.930913925170898
- cromosoma[4] = 10.39752197265625
- cromosoma[5] = 13.523338317871094
- cromosoma[6] = 38.68234634399414
- cromosoma[7] = 8.144027709960938
- cromosoma[8] = 7.941829681396484
- cromosoma[9] = 22.482013702392578
Tiempo de Ejecucion: 6 ms

