INICIO EJECUCION: Algoritmo Evolutivo  
 - Cruce usado : MEDIA
MEJOR COSTE: 2.0029890576409222E36
MEJOR CROMOSOMA:
- cromosoma[0] = 42.6359748840332
- cromosoma[1] = 19.527816772460938
- cromosoma[2] = 33.44306182861328
- cromosoma[3] = 24.908050537109375
- cromosoma[4] = 48.460716247558594
- cromosoma[5] = -33.408145904541016
- cromosoma[6] = -36.595293045043945
- cromosoma[7] = -18.898427963256836
- cromosoma[8] = 15.96706771850586
- cromosoma[9] = 3.1569595336914062
Tiempo de Ejecucion: 72 ms

