INICIO EJECUCION: Algoritmo Evolutivo  
 - Cruce usado : BLX
MEJOR COSTE: 3346.4273037112375MEJOR CROMOSOMA:
- cromosoma[0] = -32.87593460083008
- cromosoma[1] = -4.907524108886719
- cromosoma[2] = -1.7283859252929688
- cromosoma[3] = -4.950212478637695
- cromosoma[4] = -29.705116271972656
- cromosoma[5] = -5.272178649902344
- cromosoma[6] = 5.0959062576293945
- cromosoma[7] = -1.7201042175292969
- cromosoma[8] = -34.35081481933594
- cromosoma[9] = -3.735902786254883
Tiempo de Ejecucion: 8 ms

