INICIO EJECUCION: Algoritmo Evolutivo  
 - Cruce usado : MEDIA
MEJOR COSTE: 34991.27141735903
MEJOR CROMOSOMA:
- cromosoma[0] = -1.4297552108764648
- cromosoma[1] = 2.8910142183303833
- cromosoma[2] = 1.6996243000030518
- cromosoma[3] = 1.6786155700683594
- cromosoma[4] = -2.724926471710205
- cromosoma[5] = 1.0429022312164307
- cromosoma[6] = 3.281752586364746
- cromosoma[7] = -2.1956043243408203
- cromosoma[8] = -2.709401845932007
- cromosoma[9] = 6.004026412963867
Tiempo de Ejecucion: 3 ms

