INICIO EJECUCION: Algoritmo Evolutivo  
Funcion: ackley
 - Cruce usado : MEDIA
MEJOR COSTE: 21.073478088706093
MEJOR CROMOSOMA:
- cromosoma[0] = 8215.0
- cromosoma[1] = 24659.0
- cromosoma[2] = 8483.0
- cromosoma[3] = 25575.00390625
- cromosoma[4] = 11567.015625
- cromosoma[5] = -29700.947265625
- cromosoma[6] = -20164.84375
- cromosoma[7] = 15247.46875
- cromosoma[8] = 10824.40234375
- cromosoma[9] = -6744.794921875
Tiempo de Ejecucion: 9 ms

