INICIO EJECUCION: Algoritmo Evolutivo  
 - Cruce usado : MEDIA
MEJOR COSTE: 21.146171583257505
MEJOR CROMOSOMA:
- cromosoma[0] = -31613.890625
- cromosoma[1] = 13104.078125
- cromosoma[2] = 20422.98046875
- cromosoma[3] = -5597.060546875
- cromosoma[4] = -20781.18359375
- cromosoma[5] = -8777.548828125
- cromosoma[6] = 3293.35546875
- cromosoma[7] = -32313.931640625
- cromosoma[8] = -26915.794921875
- cromosoma[9] = 31443.9375
Tiempo de Ejecucion: 8 ms

