INICIO EJECUCION: Algoritmo Evolutivo  
 - Cruce usado : BLX
MEJOR COSTE: 20.67023824021763MEJOR CROMOSOMA:
- cromosoma[0] = 25272.1484375
- cromosoma[1] = -14356.080078125
- cromosoma[2] = 2713.953125
- cromosoma[3] = 14196.060546875
- cromosoma[4] = 10824.0615234375
- cromosoma[5] = 22953.12890625
- cromosoma[6] = -2817.2978515625
- cromosoma[7] = 4998.861328125
- cromosoma[8] = -20310.94921875
- cromosoma[9] = -14112.927734375
Tiempo de Ejecucion: 8 ms

