INICIO EJECUCION: Algoritmo Evolutivo  
 - Cruce usado : BLX
MEJOR COSTE: 270310.19746901933
MEJOR CROMOSOMA:
- cromosoma[0] = -5.2484130859375
- cromosoma[1] = 41.2476806640625
- cromosoma[2] = 167.31497192382812
- cromosoma[3] = 52.87835693359375
- cromosoma[4] = 119.04562377929688
- cromosoma[5] = -57.0521240234375
- cromosoma[6] = -352.0644226074219
- cromosoma[7] = -122.60113525390625
- cromosoma[8] = 267.53082275390625
- cromosoma[9] = 406.1876220703125
Tiempo de Ejecucion: 1 ms

