INICIO EJECUCION: Algoritmo Evolutivo  
 - Cruce usado : BLX
MEJOR COSTE: 2658.6230282719534
MEJOR CROMOSOMA:
- cromosoma[0] = -468.6356506347656
- cromosoma[1] = 438.34124755859375
- cromosoma[2] = 447.8057861328125
- cromosoma[3] = -86.41403198242188
- cromosoma[4] = -295.8165283203125
- cromosoma[5] = -119.79136657714844
- cromosoma[6] = 54.30641555786133
- cromosoma[7] = -146.12673950195312
- cromosoma[8] = -286.7275390625
- cromosoma[9] = 193.61648559570312
Tiempo de Ejecucion: 10 ms

