INICIO EJECUCION: Algoritmo Evolutivo  
 - Cruce usado : BLX
MEJOR COSTE: 20.637774532896703
MEJOR CROMOSOMA:
- cromosoma[0] = 18189.98828125
- cromosoma[1] = -11782.037109375
- cromosoma[2] = 11058.78125
- cromosoma[3] = 4150.0390625
- cromosoma[4] = 24845.9375
- cromosoma[5] = 13258.1181640625
- cromosoma[6] = 12039.033203125
- cromosoma[7] = 18093.318359375
- cromosoma[8] = -3428.96484375
- cromosoma[9] = -14794.98046875
Tiempo de Ejecucion: 8 ms

