INICIO EJECUCION: Algoritmo Evolutivo  
 - Cruce usado : MEDIA
MEJOR COSTE: 3184.847942020255
MEJOR CROMOSOMA:
- cromosoma[0] = 405.15740966796875
- cromosoma[1] = -390.24072265625
- cromosoma[2] = 12.13909912109375
- cromosoma[3] = 443.41680908203125
- cromosoma[4] = 400.755859375
- cromosoma[5] = 139.52349853515625
- cromosoma[6] = 230.3380126953125
- cromosoma[7] = 126.31689453125
- cromosoma[8] = -315.1410217285156
- cromosoma[9] = -27.698455810546875
Tiempo de Ejecucion: 9 ms

