INICIO EJECUCION: Algoritmo Evolutivo  
 - Cruce usado : MEDIA
MEJOR COSTE: 2.6049524293137684E82
MEJOR CROMOSOMA:
- cromosoma[0] = 3669.8359375
- cromosoma[1] = 445.515625
- cromosoma[2] = -30355.44921875
- cromosoma[3] = -55070.3515625
- cromosoma[4] = -57223.0546875
- cromosoma[5] = 21222.828125
- cromosoma[6] = -13015.51171875
- cromosoma[7] = -6954.53125
- cromosoma[8] = -55659.59375
- cromosoma[9] = -9222.77734375
Tiempo de Ejecucion: 3 ms

