INICIO EJECUCION: Algoritmo Evolutivo  
Funcion: schewefel
 - Cruce usado : MEDIA
MEJOR COSTE: 2842.248400800686
MEJOR CROMOSOMA:
- cromosoma[0] = 35.45068359375
- cromosoma[1] = 403.9290771484375
- cromosoma[2] = 415.21832275390625
- cromosoma[3] = -8.25445556640625
- cromosoma[4] = 9.813018798828125
- cromosoma[5] = 133.168212890625
- cromosoma[6] = -289.3076477050781
- cromosoma[7] = 65.6402587890625
- cromosoma[8] = -2.389495849609375
- cromosoma[9] = 394.900634765625
Tiempo de Ejecucion: 9 ms

