INICIO EJECUCION: Algoritmo Evolutivo  
 - Cruce usado : MEDIA
MEJOR COSTE: 2072.2373086561497
MEJOR CROMOSOMA:
- cromosoma[0] = 421.602783203125
- cromosoma[1] = 424.23211669921875
- cromosoma[2] = -318.2261047363281
- cromosoma[3] = -339.2576904296875
- cromosoma[4] = 423.35430908203125
- cromosoma[5] = 43.97808837890625
- cromosoma[6] = -102.8187255859375
- cromosoma[7] = -308.11505126953125
- cromosoma[8] = 67.37664794921875
- cromosoma[9] = -36.2757568359375
Tiempo de Ejecucion: 7 ms

