INICIO EJECUCION: Algoritmo Evolutivo  
 - Cruce usado : MEDIA
MEJOR COSTE: 3378.4199813656123
MEJOR CROMOSOMA:
- cromosoma[0] = -1.3185501098632812
- cromosoma[1] = -25.034732818603516
- cromosoma[2] = -27.810749053955078
- cromosoma[3] = -5.107944488525391
- cromosoma[4] = 15.169063568115234
- cromosoma[5] = 0.23011398315429688
- cromosoma[6] = 3.4750595092773438
- cromosoma[7] = 16.770097732543945
- cromosoma[8] = -35.76438331604004
- cromosoma[9] = -7.677167892456055
Tiempo de Ejecucion: 7 ms

