INICIO EJECUCION: Algoritmo Evolutivo  
 - Cruce usado : MEDIA
MEJOR COSTE: 1.810110845972143E76
MEJOR CROMOSOMA:
- cromosoma[0] = 4646.59375
- cromosoma[1] = 26.9296875
- cromosoma[2] = 13699.359375
- cromosoma[3] = -1081.9296875
- cromosoma[4] = 1286.2109375
- cromosoma[5] = 17454.625
- cromosoma[6] = -37920.1328125
- cromosoma[7] = 8603.6015625
- cromosoma[8] = -313.1953125
- cromosoma[9] = 51760.4140625
Tiempo de Ejecucion: 2 ms

