INICIO EJECUCION: Algoritmo Evolutivo  
 - Cruce usado : MEDIA
MEJOR COSTE: 2898.8601010838925MEJOR CROMOSOMA:
- cromosoma[0] = 3.572834014892578
- cromosoma[1] = -22.419450759887695
- cromosoma[2] = 12.220527648925781
- cromosoma[3] = 6.271221160888672
- cromosoma[4] = 5.5842132568359375
- cromosoma[5] = 26.24151611328125
- cromosoma[6] = 1.2431621551513672
- cromosoma[7] = 16.198715209960938
- cromosoma[8] = -32.848602294921875
- cromosoma[9] = -2.541942596435547
Tiempo de Ejecucion: 8 ms

