INICIO EJECUCION: Algoritmo Evolutivo  
 - Cruce usado : MEDIA
MEJOR COSTE: 234728.0333854854
MEJOR CROMOSOMA:
- cromosoma[0] = 75.23583984375
- cromosoma[1] = -120.4840087890625
- cromosoma[2] = -400.02618408203125
- cromosoma[3] = -315.8011779785156
- cromosoma[4] = -136.00970458984375
- cromosoma[5] = 74.78143310546875
- cromosoma[6] = 99.83251953125
- cromosoma[7] = -74.03750610351562
- cromosoma[8] = -342.7179260253906
- cromosoma[9] = -389.9701843261719
Tiempo de Ejecucion: 1 ms

