INICIO EJECUCION: Algoritmo Evolutivo  
 - Cruce usado : MEDIA
MEJOR COSTE: 4431.693072176005
MEJOR CROMOSOMA:
- cromosoma[0] = -2.0056800842285156
- cromosoma[1] = 2.665151596069336
- cromosoma[2] = -5.455362319946289
- cromosoma[3] = -5.5985565185546875
- cromosoma[4] = -35.61309814453125
- cromosoma[5] = -9.931577682495117
- cromosoma[6] = 5.328426361083984
- cromosoma[7] = -32.0052375793457
- cromosoma[8] = -35.507283210754395
- cromosoma[9] = 23.88344383239746
Tiempo de Ejecucion: 6 ms

