INICIO EJECUCION: Algoritmo Evolutivo  
Funcion: michalewicz
 - Cruce usado : BLX
MEJOR COSTE: -4.714960992720712
MEJOR CROMOSOMA:
- cromosoma[0] = 3.738612651824951
- cromosoma[1] = 2.878765344619751
- cromosoma[2] = 1.7921711206436157
- cromosoma[3] = 1.287513256072998
- cromosoma[4] = 5.830389499664307
- cromosoma[5] = 2.5942604541778564
- cromosoma[6] = 1.8592219352722168
- cromosoma[7] = 1.39369535446167
- cromosoma[8] = 1.8947908878326416
- cromosoma[9] = 2.1688220500946045
Tiempo de Ejecucion: 10 ms

