INICIO EJECUCION: Algoritmo Evolutivo  
 - Cruce usado : BLX
MEJOR COSTE: -4.717584261565577
MEJOR CROMOSOMA:
- cromosoma[0] = 0.1777455061674118
- cromosoma[1] = 1.660638689994812
- cromosoma[2] = 0.741475522518158
- cromosoma[3] = 2.6660566329956055
- cromosoma[4] = 1.2779130935668945
- cromosoma[5] = 2.5494320392608643
- cromosoma[6] = 3.487395763397217
- cromosoma[7] = 2.3294739723205566
- cromosoma[8] = 0.21674105525016785
- cromosoma[9] = 1.8526595830917358
Tiempo de Ejecucion: 11 ms

