INICIO EJECUCION: Algoritmo Evolutivo  
Funcion: michalewicz
 - Cruce usado : MEDIA
MEJOR COSTE: -2.4990971837241793
MEJOR CROMOSOMA:
- cromosoma[0] = 3.3779070377349854
- cromosoma[1] = 2.7630435526371
- cromosoma[2] = 1.884847730398178
- cromosoma[3] = 2.1494448482990265
- cromosoma[4] = 5.357688665390015
- cromosoma[5] = 1.4997060298919678
- cromosoma[6] = 3.45517897605896
- cromosoma[7] = 2.908957600593567
- cromosoma[8] = 2.064884603023529
- cromosoma[9] = 1.9164392352104187
Tiempo de Ejecucion: 10 ms

