INICIO EJECUCION: Algoritmo Evolutivo  
 - Cruce usado : MEDIA
MEJOR COSTE: 235.09101741531055
MEJOR CROMOSOMA:
- cromosoma[0] = 426.3597412109375
- cromosoma[1] = 195.2781982421875
- cromosoma[2] = 334.4306640625
- cromosoma[3] = 249.08050537109375
- cromosoma[4] = 484.6071472167969
- cromosoma[5] = -334.0814514160156
- cromosoma[6] = -365.95294189453125
- cromosoma[7] = -188.98428344726562
- cromosoma[8] = 159.67068481445312
- cromosoma[9] = 31.569580078125
Tiempo de Ejecucion: 6 ms

