INICIO EJECUCION: Algoritmo Evolutivo  
Funcion: rosenbrock
 - Cruce usado : MEDIA
MEJOR COSTE: 66928.62287681563
MEJOR CROMOSOMA:
- cromosoma[0] = 3.0317602157592773
- cromosoma[1] = 2.562138557434082
- cromosoma[2] = 1.996321201324463
- cromosoma[3] = 2.376183032989502
- cromosoma[4] = 2.647195339202881
- cromosoma[5] = 4.497523307800293
- cromosoma[6] = -1.8396148681640625
- cromosoma[7] = 3.4846038818359375
- cromosoma[8] = 2.4641575813293457
- cromosoma[9] = 8.42350959777832
Tiempo de Ejecucion: 2 ms

