INICIO EJECUCION: Algoritmo Evolutivo  
Funcion: michalewicz
 - Cruce usado : MEDIA
MEJOR COSTE: -2.6806995058781147
MEJOR CROMOSOMA:
- cromosoma[0] = 5.667747497558594
- cromosoma[1] = 1.6243348121643066
- cromosoma[2] = 2.717982530593872
- cromosoma[3] = 1.688881754875183
- cromosoma[4] = 1.3906939029693604
- cromosoma[5] = 5.641446590423584
- cromosoma[6] = 5.728156566619873
- cromosoma[7] = 2.4452245235443115
- cromosoma[8] = 0.8165352940559387
- cromosoma[9] = 1.7414915561676025
Tiempo de Ejecucion: 10 ms

