INICIO EJECUCION: Algoritmo Evolutivo  
 - Cruce usado : BLX
MEJOR COSTE: -4.275476771617266
MEJOR CROMOSOMA:
- cromosoma[0] = 1.5532033443450928
- cromosoma[1] = 1.6775163412094116
- cromosoma[2] = 2.116751194000244
- cromosoma[3] = 0.7414907813072205
- cromosoma[4] = 4.062245845794678
- cromosoma[5] = 5.398263931274414
- cromosoma[6] = 2.0664854049682617
- cromosoma[7] = 1.2500871419906616
- cromosoma[8] = 0.7179116606712341
- cromosoma[9] = 2.5818753242492676
Tiempo de Ejecucion: 10 ms

