INICIO EJECUCION: Algoritmo Evolutivo  
Funcion: schewefel
 - Cruce usado : MEDIA
MEJOR COSTE: 2669.6997883844006
MEJOR CROMOSOMA:
- cromosoma[0] = 402.062255859375
- cromosoma[1] = 420.74139404296875
- cromosoma[2] = -67.41378784179688
- cromosoma[3] = -231.20248413085938
- cromosoma[4] = 219.50897216796875
- cromosoma[5] = 397.87628173828125
- cromosoma[6] = 411.67681884765625
- cromosoma[7] = -110.82516479492188
- cromosoma[8] = -370.0426025390625
- cromosoma[9] = 159.2239990234375
Tiempo de Ejecucion: 10 ms

