INICIO EJECUCION: Algoritmo Evolutivo  
Funcion: ackley
 - Cruce usado : MEDIA
MEJOR COSTE: 21.13158980119734
MEJOR CROMOSOMA:
- cromosoma[0] = -21621.740234375
- cromosoma[1] = 17678.77734375
- cromosoma[2] = 14726.12890625
- cromosoma[3] = 6501.0078125
- cromosoma[4] = 19967.01953125
- cromosoma[5] = -4242.935546875
- cromosoma[6] = -8552.80859375
- cromosoma[7] = 16085.21875
- cromosoma[8] = -1807.279296875
- cromosoma[9] = -23741.83984375
Tiempo de Ejecucion: 9 ms

