INICIO EJECUCION: Algoritmo Evolutivo  
 - Cruce usado : MEDIA
MEJOR COSTE: -2.63212660407391
MEJOR CROMOSOMA:
- cromosoma[0] = 5.597671031951904
- cromosoma[1] = 1.830575704574585
- cromosoma[2] = 4.58611536026001
- cromosoma[3] = 4.758411407470703
- cromosoma[4] = 6.124729156494141
- cromosoma[5] = 0.20577356219291687
- cromosoma[6] = 2.659980058670044
- cromosoma[7] = 1.541718602180481
- cromosoma[8] = 1.9116839170455933
- cromosoma[9] = 4.80017614364624
Tiempo de Ejecucion: 10 ms

