INICIO EJECUCION: Algoritmo Evolutivo  
 - Cruce usado : MEDIA
MEJOR COSTE: 21.18068444198121
MEJOR CROMOSOMA:
- cromosoma[0] = -12132.00390625
- cromosoma[1] = 28861.98828125
- cromosoma[2] = 20215.9609375
- cromosoma[3] = -7390.115234375
- cromosoma[4] = -29676.34375
- cromosoma[5] = 19524.96875
- cromosoma[6] = -8979.091796875
- cromosoma[7] = 32544.72265625
- cromosoma[8] = 13936.16796875
- cromosoma[9] = -12677.494140625
Tiempo de Ejecucion: 19 ms

