INICIO EJECUCION: Algoritmo Evolutivo  
Funcion: michalewicz
 - Cruce usado : MEDIA
MEJOR COSTE: -1.6641102134771246
MEJOR CROMOSOMA:
- cromosoma[0] = 0.5641832947731018
- cromosoma[1] = 6.249370098114014
- cromosoma[2] = 1.0030686855316162
- cromosoma[3] = 0.03888413682579994
- cromosoma[4] = 3.7718873023986816
- cromosoma[5] = 3.4320662021636963
- cromosoma[6] = 1.5932811498641968
- cromosoma[7] = 2.0796780586242676
- cromosoma[8] = 0.7242560386657715
- cromosoma[9] = 4.4777350425720215
Tiempo de Ejecucion: 9 ms

