INICIO EJECUCION: Algoritmo Evolutivo  
Funcion: perm
 - Cruce usado : MEDIA
MEJOR COSTE: 1.2637715550514908E35
MEJOR CROMOSOMA:
- cromosoma[0] = 7.523582458496094
- cromosoma[1] = -12.048404693603516
- cromosoma[2] = -40.002620697021484
- cromosoma[3] = -31.580120086669922
- cromosoma[4] = 0.36151123046875
- cromosoma[5] = 7.478145599365234
- cromosoma[6] = 9.983257293701172
- cromosoma[7] = -7.403749465942383
- cromosoma[8] = -34.271793365478516
- cromosoma[9] = -38.99701690673828
Tiempo de Ejecucion: 87 ms

