INICIO EJECUCION: Algoritmo Evolutivo  
 - Cruce usado : MEDIA
MEJOR COSTE: 266.3099540671619
MEJOR CROMOSOMA:
- cromosoma[0] = 69.89111328125
- cromosoma[1] = -438.56512451171875
- cromosoma[2] = 239.0556640625
- cromosoma[3] = 122.6763916015625
- cromosoma[4] = 109.23741149902344
- cromosoma[5] = 513.3316650390625
- cromosoma[6] = 24.318603515625
- cromosoma[7] = 316.8763427734375
- cromosoma[8] = -642.5782470703125
- cromosoma[9] = -49.72509765625
Tiempo de Ejecucion: 7 ms

