INICIO EJECUCION: Algoritmo Evolutivo  
Funcion: trid
 - Cruce usado : MEDIA
MEJOR COSTE: 440979.9628147045
MEJOR CROMOSOMA:
- cromosoma[0] = -76.6802978515625
- cromosoma[1] = -462.69464111328125
- cromosoma[2] = -544.0287475585938
- cromosoma[3] = -99.92068481445312
- cromosoma[4] = 296.7344970703125
- cromosoma[5] = 679.6931762695312
- cromosoma[6] = 407.548583984375
- cromosoma[7] = 328.0535583496094
- cromosoma[8] = 46.373291015625
- cromosoma[9] = -150.17935180664062
Tiempo de Ejecucion: 1 ms

