INICIO EJECUCION: Algoritmo Evolutivo  
Funcion: perm
 - Cruce usado : MEDIA
MEJOR COSTE: 1.399792649294931E39
MEJOR CROMOSOMA:
- cromosoma[0] = -2.579326629638672
- cromosoma[1] = -46.26946449279785
- cromosoma[2] = -54.40287780761719
- cromosoma[3] = -9.992071151733398
- cromosoma[4] = 29.673446655273438
- cromosoma[5] = 67.96931457519531
- cromosoma[6] = 40.754852294921875
- cromosoma[7] = 32.805355072021484
- cromosoma[8] = -3.6913528442382812
- cromosoma[9] = -15.017936706542969
Tiempo de Ejecucion: 77 ms

