INICIO EJECUCION: Algoritmo Evolutivo  
 - Cruce usado : MEDIA
MEJOR COSTE: 8.522013426709548E78
MEJOR CROMOSOMA:
- cromosoma[0] = 4930.654296875
- cromosoma[1] = -7896.0390625
- cromosoma[2] = -26216.1171875
- cromosoma[3] = -20696.345703125
- cromosoma[4] = 166.9375
- cromosoma[5] = 4900.876953125
- cromosoma[6] = 6542.625
- cromosoma[7] = -4852.12109375
- cromosoma[8] = -22460.361328125
- cromosoma[9] = -25557.0859375
Tiempo de Ejecucion: 2 ms

