INICIO EJECUCION: Algoritmo Evolutivo  
 - Cruce usado : BLX
MEJOR COSTE: 2160.4509278143987
MEJOR CROMOSOMA:
- cromosoma[0] = 427.499267578125
- cromosoma[1] = 422.985595703125
- cromosoma[2] = 180.71746826171875
- cromosoma[3] = -132.46530151367188
- cromosoma[4] = -141.4381561279297
- cromosoma[5] = -6.200347900390625
- cromosoma[6] = -326.5032653808594
- cromosoma[7] = -277.7669677734375
- cromosoma[8] = 185.17857360839844
- cromosoma[9] = 459.55126953125
Tiempo de Ejecucion: 6 ms

