INICIO EJECUCION: Algoritmo Evolutivo  
 - Cruce usado : MEDIA
MEJOR COSTE: 1413161.7387690088
MEJOR CROMOSOMA:
- cromosoma[0] = 15.2745361328125
- cromosoma[1] = 52.135284423828125
- cromosoma[2] = -106.71673583984375
- cromosoma[3] = -109.51791381835938
- cromosoma[4] = -696.6568908691406
- cromosoma[5] = -194.27969360351562
- cromosoma[6] = 104.23370361328125
- cromosoma[7] = -626.08056640625
- cromosoma[8] = -694.5869140625
- cromosoma[9] = 467.2035827636719
Tiempo de Ejecucion: 1 ms

