INICIO EJECUCION: Algoritmo Evolutivo  
 - Cruce usado : MEDIA
MEJOR COSTE: 315.75623318302604
MEJOR CROMOSOMA:
- cromosoma[0] = -25.793243408203125
- cromosoma[1] = -489.7248229980469
- cromosoma[2] = -544.0287475585938
- cromosoma[3] = -99.92068481445312
- cromosoma[4] = 296.7344970703125
- cromosoma[5] = 4.50146484375
- cromosoma[6] = 67.978515625
- cromosoma[7] = 328.0535583496094
- cromosoma[8] = -699.6162414550781
- cromosoma[9] = -150.17935180664062
Tiempo de Ejecucion: 6 ms

