INICIO EJECUCION: Algoritmo Evolutivo  
 - Cruce usado : MEDIA
MEJOR COSTE: 3.062008452027465E77
MEJOR CROMOSOMA:
- cromosoma[0] = -2571.2890625
- cromosoma[1] = 3416.736328125
- cromosoma[2] = -6993.7890625
- cromosoma[3] = -7177.3671875
- cromosoma[4] = -45656.10546875
- cromosoma[5] = -12732.314453125
- cromosoma[6] = 6831.05859375
- cromosoma[7] = -41030.81640625
- cromosoma[8] = -45520.44921875
- cromosoma[9] = 30618.65234375
Tiempo de Ejecucion: 2 ms

