INICIO EJECUCION: Algoritmo Evolutivo  
Funcion: rastringin
 - Cruce usado : BLX
MEJOR COSTE: 1213.3580343189797
MEJOR CROMOSOMA:
- cromosoma[0] = 0.14053630828857422
- cromosoma[1] = 6.389495849609375
- cromosoma[2] = 13.55805492401123
- cromosoma[3] = -8.466814041137695
- cromosoma[4] = 6.764179229736328
- cromosoma[5] = -11.866363525390625
- cromosoma[6] = -2.576457977294922
- cromosoma[7] = -8.111286163330078
- cromosoma[8] = 1.5506324768066406
- cromosoma[9] = 23.169654846191406
Tiempo de Ejecucion: 5 ms

