INICIO EJECUCION: Algoritmo Evolutivo  
 - Cruce usado : MEDIA
MEJOR COSTE: 126146.39250772659
MEJOR CROMOSOMA:
- cromosoma[0] = 2.3065505027770996
- cromosoma[1] = -1.172936201095581
- cromosoma[2] = -1.5802156925201416
- cromosoma[3] = 1.7505948543548584
- cromosoma[4] = 4.725508213043213
- cromosoma[5] = 2.5337610244750977
- cromosoma[6] = 3.0098390579223633
- cromosoma[7] = 4.96040153503418
- cromosoma[8] = -2.7471219301223755
- cromosoma[9] = 1.373654842376709
Tiempo de Ejecucion: 2 ms

