INICIO EJECUCION: Algoritmo Evolutivo  
Funcion: rastringin
 - Cruce usado : BLX
MEJOR COSTE: 2039.4692411396798
MEJOR CROMOSOMA:
- cromosoma[0] = 1.9936752319335938
- cromosoma[1] = 0.9139633178710938
- cromosoma[2] = -23.118408203125
- cromosoma[3] = 9.144706726074219
- cromosoma[4] = -4.60791015625
- cromosoma[5] = -10.108013153076172
- cromosoma[6] = 1.8720359802246094
- cromosoma[7] = -21.220531463623047
- cromosoma[8] = -27.632612228393555
- cromosoma[9] = 2.3243980407714844
Tiempo de Ejecucion: 7 ms

