INICIO EJECUCION: Algoritmo Evolutivo  
 - Cruce usado : BLX
MEJOR COSTE: 422.83028664376945MEJOR CROMOSOMA:
- cromosoma[0] = -580.8330078125
- cromosoma[1] = 617.81884765625
- cromosoma[2] = 183.8905029296875
- cromosoma[3] = -2.7109375
- cromosoma[4] = 205.2018280029297
- cromosoma[5] = 263.4122619628906
- cromosoma[6] = 741.727294921875
- cromosoma[7] = 229.6588134765625
- cromosoma[8] = -217.52496337890625
- cromosoma[9] = 415.3604431152344
Tiempo de Ejecucion: 6 ms

