INICIO EJECUCION: Algoritmo Evolutivo  
Funcion: dixon
 - Cruce usado : MEDIA
MEJOR COSTE: 2.5024303408131905E9
MEJOR CROMOSOMA:
- cromosoma[0] = -7.66802978515625
- cromosoma[1] = -46.26946449279785
- cromosoma[2] = -54.40287780761719
- cromosoma[3] = -9.992071151733398
- cromosoma[4] = 29.673446655273438
- cromosoma[5] = 67.96931457519531
- cromosoma[6] = 40.754852294921875
- cromosoma[7] = 32.805355072021484
- cromosoma[8] = 4.637321472167969
- cromosoma[9] = -15.017936706542969
Tiempo de Ejecucion: 2 ms

