INICIO EJECUCION: Algoritmo Evolutivo  
 - Cruce usado : MEDIA
MEJOR COSTE: 1.161093835582256E78
MEJOR CROMOSOMA:
- cromosoma[0] = 12.9375
- cromosoma[1] = 30640.1328125
- cromosoma[2] = -1261.2734375
- cromosoma[3] = 43852.1796875
- cromosoma[4] = 13397.396484375
- cromosoma[5] = -2829.9462890625
- cromosoma[6] = 50536.5
- cromosoma[7] = -12360.328125
- cromosoma[8] = -57854.015625
- cromosoma[9] = 27145.982421875
Tiempo de Ejecucion: 4 ms

