INICIO EJECUCION: Algoritmo Evolutivo  
 - Cruce usado : MEDIA
MEJOR COSTE: 1.1601536867291896E40
MEJOR CROMOSOMA:
- cromosoma[0] = 1.5274505615234375
- cromosoma[1] = 5.213523864746094
- cromosoma[2] = -10.671676635742188
- cromosoma[3] = -10.951793670654297
- cromosoma[4] = -69.66568756103516
- cromosoma[5] = -19.42797088623047
- cromosoma[6] = 10.42336654663086
- cromosoma[7] = -62.60805892944336
- cromosoma[8] = -69.45869255065918
- cromosoma[9] = 46.72035598754883
Tiempo de Ejecucion: 90 ms

