INICIO EJECUCION: Algoritmo Evolutivo  
 - Cruce usado : BLX
MEJOR COSTE: 9.591225795235398E38MEJOR CROMOSOMA:
- cromosoma[0] = 30.923233032226562
- cromosoma[1] = -52.689361572265625
- cromosoma[2] = -8.135231018066406
- cromosoma[3] = -7.839092254638672
- cromosoma[4] = -66.47064208984375
- cromosoma[5] = -30.479598999023438
- cromosoma[6] = 9.821548461914062
- cromosoma[7] = -49.911109924316406
- cromosoma[8] = -50.24441146850586
- cromosoma[9] = -33.4052848815918
Tiempo de Ejecucion: 74 ms

