INICIO EJECUCION: Algoritmo Evolutivo  
 - Cruce usado : MEDIA
MEJOR COSTE: 21.035438434007236
MEJOR CROMOSOMA:
- cromosoma[0] = -3189.005859375
- cromosoma[1] = -9897.015625
- cromosoma[2] = -30681.044921875
- cromosoma[3] = -29477.13671875
- cromosoma[4] = -31805.408203125
- cromosoma[5] = 8925.77734375
- cromosoma[6] = 12123.328125
- cromosoma[7] = -7592.01171875
- cromosoma[8] = -23590.037109375
- cromosoma[9] = -7676.111328125
Tiempo de Ejecucion: 12 ms

