INICIO EJECUCION: Algoritmo Diferencial  
Funcion: MAPE
ERROR OBTENIDO: 7.071042222394712
MEJOR CROMOSOMA:
- cromosoma[0] = -1.0
- cromosoma[1] = 0.9964814834753783
- cromosoma[2] = -0.1126098111025433
- cromosoma[3] = 0.19233046640091672
- cromosoma[4] = 1.0
- cromosoma[5] = 0.989352284281228
- cromosoma[6] = 0.11934680095010705
- cromosoma[7] = -1.0
- cromosoma[8] = -0.6034827013331479
- cromosoma[9] = -0.42474504977875865
Tiempo de Ejecucion: 1191 ms

