INICIO EJECUCION: Algoritmo Evolutivo  
Funcion: MAPE
 - Cruce usado : BLX
ERROR OBTENIDO: 6.735877343023611
MEJOR CROMOSOMA:
- cromosoma[0] = 0.333118200302124
- cromosoma[1] = -0.5554095506668091
- cromosoma[2] = 0.0867251306772232
- cromosoma[3] = -0.24359804391860962
- cromosoma[4] = -0.2110680192708969
- cromosoma[5] = 0.20669877529144287
- cromosoma[6] = -0.4343251883983612
- cromosoma[7] = 0.0672299861907959
- cromosoma[8] = 0.10928359627723694
- cromosoma[9] = 0.5229294300079346
Tiempo de Ejecucion: 1591 ms

