INICIO EJECUCION: Algoritmo Evolutivo  
 - Cruce usado : MEDIA
MEJOR COSTE: 6117.668486651852
MEJOR CROMOSOMA:
- cromosoma[0] = -0.7284249067306519
- cromosoma[1] = -0.010637462139129639
- cromosoma[2] = 0.12227654457092285
- cromosoma[3] = -0.11601942777633667
- cromosoma[4] = 0.20339441299438477
- cromosoma[5] = 0.26454102993011475
- cromosoma[6] = 0.7566969394683838
- cromosoma[7] = 0.15931198000907898
- cromosoma[8] = -0.8544005751609802
- cromosoma[9] = 0.4397889971733093
Tiempo de Ejecucion: 1162 ms

