INICIO EJECUCION: Algoritmo Diferencial  
Funcion: MAPE
ERROR OBTENIDO: 1.3365524875000048
MEJOR CROMOSOMA:
- cromosoma[0] = 0.6529983983819772
- cromosoma[1] = -0.6575915344724524
- cromosoma[2] = 0.02428112751717582
- cromosoma[3] = 0.01302836073066419
- cromosoma[4] = -0.11508434482636366
- cromosoma[5] = 0.4465705785693216
- cromosoma[6] = 0.5240855012108167
- cromosoma[7] = -0.1994919249784331
- cromosoma[8] = 1.0
- cromosoma[9] = 0.18962932970422205
Tiempo de Ejecucion: 1171 ms

