INICIO EJECUCION: Algoritmo Evolutivo  
 - Cruce usado : BLX
MEJOR COSTE: 2.456251548959781
MEJOR CROMOSOMA:
- cromosoma[0] = -0.7042402029037476
- cromosoma[1] = 0.4874018430709839
- cromosoma[2] = -0.029904484748840332
- cromosoma[3] = 0.090767502784729
- cromosoma[4] = 0.2078685313463211
- cromosoma[5] = 0.2871040403842926
- cromosoma[6] = -0.15825700759887695
- cromosoma[7] = -0.07550263404846191
- cromosoma[8] = -0.9462299942970276
- cromosoma[9] = 0.4280236065387726
Tiempo de Ejecucion: 1204 ms

