INICIO EJECUCION: Algoritmo Diferencial  
Funcion: MAPE
MEJOR COSTE: 6.528006719256459
MEJOR CROMOSOMA:
- cromosoma[0] = 0.6179524183694882
- cromosoma[1] = 0.353132738188421
- cromosoma[2] = -0.10018375545992143
- cromosoma[3] = 0.21212398873641297
- cromosoma[4] = 0.5273833662588379
- cromosoma[5] = -0.7393186880082082
- cromosoma[6] = 0.34698474267877166
- cromosoma[7] = 0.02657719267098235
- cromosoma[8] = 0.9939698057139182
- cromosoma[9] = -0.7826222735103051
Tiempo de Ejecucion: 1367 ms

