INICIO EJECUCION: Algoritmo Evolutivo  
 - Cruce usado : MEDIA
MEJOR COSTE: 14703.118364385287
MEJOR CROMOSOMA:
- cromosoma[0] = -0.8557109832763672
- cromosoma[1] = 0.01164102554321289
- cromosoma[2] = -0.9532299637794495
- cromosoma[3] = 0.2625635862350464
- cromosoma[4] = 0.15445101261138916
- cromosoma[5] = 0.5636337995529175
- cromosoma[6] = -0.008256494998931885
- cromosoma[7] = 0.8777574300765991
- cromosoma[8] = -0.6591472625732422
- cromosoma[9] = 0.1452997922897339
Tiempo de Ejecucion: 1059 ms

