INICIO EJECUCION: Algoritmo Evolutivo  
 - Cruce usado : MEDIA
MEJOR COSTE: 13547.206735531112
MEJOR CROMOSOMA:
- cromosoma[0] = -0.6598431468009949
- cromosoma[1] = 0.008253931999206543
- cromosoma[2] = -0.8243305683135986
- cromosoma[3] = 0.1983950138092041
- cromosoma[4] = 0.6093450784683228
- cromosoma[5] = -0.1294841170310974
- cromosoma[6] = -0.261011004447937
- cromosoma[7] = -0.40070879459381104
- cromosoma[8] = -0.05515378713607788
- cromosoma[9] = -0.7245434522628784
Tiempo de Ejecucion: 1055 ms

