INICIO EJECUCION: Algoritmo Diferencial  
Funcion: potencia
MEJOR COSTE: 94.97522857797537
MEJOR CROMOSOMA:
- cromosoma[0] = 0.3659824042038705
- cromosoma[1] = -0.553808960545962
- cromosoma[2] = 0.01122131096695327
- cromosoma[3] = -0.013155459689467726
- cromosoma[4] = 0.5275065004191328
- cromosoma[5] = -0.5719887301923738
- cromosoma[6] = 0.9917205382761866
- cromosoma[7] = 0.963879763246877
- cromosoma[8] = 0.5754416341893741
- cromosoma[9] = 0.9885224006376658
Tiempo de Ejecucion: 1146 ms

