INICIO EJECUCION: Algoritmo Diferencial  
Funcion: RMSE
ERROR OBTENIDO: 960.3383819968797
MEJOR CROMOSOMA:
- cromosoma[0] = 0.6779948106888124
- cromosoma[1] = 0.2964100800056874
- cromosoma[2] = -0.08708758892213218
- cromosoma[3] = 0.2655030644350737
- cromosoma[4] = -0.07779351378635284
- cromosoma[5] = -0.9153202009684352
- cromosoma[6] = -0.9829476465915041
- cromosoma[7] = -0.20378937105541267
- cromosoma[8] = 0.9398987884494555
- cromosoma[9] = -0.36448843264737607
Tiempo de Ejecucion: 1152 ms

