INICIO EJECUCION: Algoritmo Evolutivo  
 - Cruce usado : MEDIA
MEJOR COSTE: 15916.622205221294
MEJOR CROMOSOMA:
- cromosoma[0] = -0.8206357955932617
- cromosoma[1] = 0.015181183815002441
- cromosoma[2] = 0.14886462688446045
- cromosoma[3] = 0.4362788200378418
- cromosoma[4] = 0.1994241327047348
- cromosoma[5] = 0.17535614967346191
- cromosoma[6] = 0.7711440324783325
- cromosoma[7] = 0.07916337251663208
- cromosoma[8] = -0.9237951040267944
- cromosoma[9] = 0.4666806757450104
Tiempo de Ejecucion: 1052 ms

