INICIO EJECUCION: Algoritmo Diferencial  
Funcion: RMSE
MEJOR COSTE: 299.22388061796767
MEJOR CROMOSOMA:
- cromosoma[0] = 0.949997215654174
- cromosoma[1] = -0.897119059644525
- cromosoma[2] = -0.024707145900846873
- cromosoma[3] = 0.08614600678062301
- cromosoma[4] = 1.0
- cromosoma[5] = -0.09709224757437271
- cromosoma[6] = -0.9950460968706545
- cromosoma[7] = -0.02602201375269094
- cromosoma[8] = 0.42818961716316806
- cromosoma[9] = -0.9585241047831906
Tiempo de Ejecucion: 1465 ms

