INICIO EJECUCION: Algoritmo Evolutivo  
Funcion: RMSE
 - Cruce usado : MEDIA
MEJOR COSTE: 389.80295957261035
MEJOR CROMOSOMA:
- cromosoma[0] = 0.8103147745132446
- cromosoma[1] = -0.7804814577102661
- cromosoma[2] = 0.02427816390991211
- cromosoma[3] = -0.08473598957061768
- cromosoma[4] = 0.8015117645263672
- cromosoma[5] = 0.27904701232910156
- cromosoma[6] = 0.46067607402801514
- cromosoma[7] = 0.25263381004333496
- cromosoma[8] = -0.6302820444107056
- cromosoma[9] = -0.0553969144821167
Tiempo de Ejecucion: 1143 ms

