INICIO EJECUCION: Algoritmo Diferencial  
Funcion: RMSE
ERROR OBTENIDO: 896.913728996191
MEJOR CROMOSOMA:
- cromosoma[0] = 0.289030337289343
- cromosoma[1] = 1.0
- cromosoma[2] = -0.13183238294215127
- cromosoma[3] = 0.1243860121644508
- cromosoma[4] = 0.8312655458321027
- cromosoma[5] = -0.5150760826362994
- cromosoma[6] = -0.2607622385677321
- cromosoma[7] = 1.0
- cromosoma[8] = 0.37426752194934987
- cromosoma[9] = 0.2250631573794913
Tiempo de Ejecucion: 1152 ms

