INICIO EJECUCION: Algoritmo Evolutivo  
 - Cruce usado : MEDIA
MEJOR COSTE: 703.0080327536584
MEJOR CROMOSOMA:
- cromosoma[0] = -0.025793254375457764
- cromosoma[1] = -0.4626946449279785
- cromosoma[2] = 0.018204569816589355
- cromosoma[3] = -0.09992069005966187
- cromosoma[4] = 0.29673445224761963
- cromosoma[5] = 0.6796931624412537
- cromosoma[6] = 0.40754857659339905
- cromosoma[7] = 0.3280535638332367
- cromosoma[8] = -0.6996162533760071
- cromosoma[9] = -0.15017935633659363
Tiempo de Ejecucion: 1143 ms

