INICIO EJECUCION: Algoritmo Evolutivo  
Funcion: RMSE
 - Cruce usado : BLX
ERROR OBTENIDO: 281.10496293144905
MEJOR CROMOSOMA:
- cromosoma[0] = -0.675199031829834
- cromosoma[1] = 0.3387174606323242
- cromosoma[2] = -0.016692042350769043
- cromosoma[3] = 0.01919877529144287
- cromosoma[4] = 0.20485374331474304
- cromosoma[5] = 0.06485433876514435
- cromosoma[6] = 0.7586808204650879
- cromosoma[7] = 0.08248680830001831
- cromosoma[8] = -0.7106556296348572
- cromosoma[9] = 0.4109884202480316
Tiempo de Ejecucion: 1154 ms

