INICIO EJECUCION: Algoritmo Evolutivo  
 - Cruce usado : BLX
MEJOR COSTE: 97.12430169392663
MEJOR CROMOSOMA:
- cromosoma[0] = 0.5509176254272461
- cromosoma[1] = -0.4388534128665924
- cromosoma[2] = 0.002064347267150879
- cromosoma[3] = 0.0012012720108032227
- cromosoma[4] = 0.2065732330083847
- cromosoma[5] = 0.8755128383636475
- cromosoma[6] = 0.22619399428367615
- cromosoma[7] = 0.01413339376449585
- cromosoma[8] = -0.36743444204330444
- cromosoma[9] = -0.3684164583683014
Tiempo de Ejecucion: 1151 ms

