INICIO EJECUCION: Algoritmo Evolutivo  
 - Cruce usado : BLX
MEJOR COSTE: 205.4962827513475
MEJOR CROMOSOMA:
- cromosoma[0] = -0.9594191312789917
- cromosoma[1] = 0.8531731367111206
- cromosoma[2] = 0.02100539207458496
- cromosoma[3] = -0.02752162516117096
- cromosoma[4] = -0.7185917496681213
- cromosoma[5] = -0.05794188380241394
- cromosoma[6] = 0.09780732542276382
- cromosoma[7] = -0.1837468147277832
- cromosoma[8] = -0.5146945714950562
- cromosoma[9] = 0.07631820440292358
Tiempo de Ejecucion: 1147 ms

