INICIO EJECUCION: Algoritmo Evolutivo  
 - Cruce usado : BLX
MEJOR COSTE: 19688.924510569756
MEJOR CROMOSOMA:
- cromosoma[0] = 0.6371439695358276
- cromosoma[1] = -0.03346437215805054
- cromosoma[2] = 0.24779987335205078
- cromosoma[3] = -0.30952054262161255
- cromosoma[4] = 0.19447484612464905
- cromosoma[5] = 0.7832022309303284
- cromosoma[6] = 0.22371211647987366
- cromosoma[7] = 0.7083297967910767
- cromosoma[8] = -0.7414543032646179
- cromosoma[9] = -0.2138926386833191
Tiempo de Ejecucion: 1047 ms

