INICIO EJECUCION: Algoritmo Evolutivo  
Funcion: RMSE
 - Cruce usado : MEDIA
ERROR OBTENIDO: 1002.3720019881291
MEJOR CROMOSOMA:
- cromosoma[0] = -0.9647793769836426
- cromosoma[1] = -0.6766257882118225
- cromosoma[2] = 0.13887465000152588
- cromosoma[3] = -0.17080873250961304
- cromosoma[4] = -0.6341913938522339
- cromosoma[5] = -0.2678695321083069
- cromosoma[6] = 0.10050523281097412
- cromosoma[7] = -0.9861429333686829
- cromosoma[8] = -0.8214048743247986
- cromosoma[9] = -0.05314278602600098
Tiempo de Ejecucion: 1153 ms

