INICIO EJECUCION: Algoritmo Evolutivo  
 - Cruce usado : BLX
MEJOR COSTE: 52.904537818533846
MEJOR CROMOSOMA:
- cromosoma[0] = 0.8514828681945801
- cromosoma[1] = -0.6608833074569702
- cromosoma[2] = -0.006740212440490723
- cromosoma[3] = 0.007066965103149414
- cromosoma[4] = 0.6505181789398193
- cromosoma[5] = 0.36111149191856384
- cromosoma[6] = 0.6605454683303833
- cromosoma[7] = 0.15710949897766113
- cromosoma[8] = -0.8429520130157471
- cromosoma[9] = -0.6180328130722046
Tiempo de Ejecucion: 1160 ms

